2400317650
2400317632
2400317602
2400317601
2400317599
2400317596
2400317558
2400317548
2400317541
2400317534
2400317531
2400317526
2400317525
2400317515
2400317513
2400317502
2400317487
2400317480
2400317456
2400317443
2400317442
2400317440
2400317435
2400317425
2400317423
2400317403
2400317365
2400317362
2400317350
2400317344
2400317333
2400317327
2400317310
2400317305
2400317304
2400317297
2400317287
2400317282
2400317243
2400317233
2400317227
2400317218
2400317194
2400317183
2400317178
2400317177
2400317175
2400317154
2400317152
2400317146
2400317140
2400317139
2400317127
2400317115
2400317102
2400317101
2400317089
2400317088
2400317075
2400317066
2400317053
2400317039
2400317027
2400317026
2400317022
2400317015
2400317014
2400316996
2400316993
2400316990
2400316988
2400316981
2400316971
2400316959
2400316941
2400316920
2400316919
2400316918
2400316915
2400316898
2400316889
2400316876
2400316864
2400316861
2400316855
2400316816
2400316803
2400316792
2400316788
2400316774
2400316769
2400316757
2400316755
2400316744
2400316726
2400316702
2400316697
2400316687
2400316674
2400316673
2400316671
2400316670
2400316667
2400316664
2400316663
2400316657
2400316651
2400316630
2400316629
2400316620
2400316612
2400316594
2400316585
2400316583
2400316553
2400316548
2400316522
2400316519
2400316500
2400316499
2400316491
2400316456
2400316437
2400316428
2400316422
2400316416
2400316415
2400316407
2400316391
2400316375
2400316370
2400316369
2400316347
2400316342
2400316339
2400316307
2400316299
2400316274
2400316245
2400316236
2400316233
2400316221
2400316215
2400316213
2400316212
2400316207
2400316203
2400316202
2400316155
2400316149
2400316136
2400316123
2400316088
2400316027
2400316024
2400316006
2400316001
2400315992
2400315957
2400315954
2400315946
2400315934
2400315929
2400315917
2400315914
2400315904
2400315903
2400315892
2400315890
2400315873
2400315861
2400315859
2400315853
2400315832
2400315807
2400315785
2400315775
2400315774
2400315769
2400315764
2400315748
2400315739
2400315732
2400315717
2400315712
2400315710
2400315704
2400315701
2400315700
2400315675
2400315667
2400315659
2400315657
2400315656
2400315640
2400315633
2400315627
2400315620
2400315611
2400315610
2400315602
2400315594
2400315587
2400315584
2400315581
2400315569
2400315568
2400315535
2400315529
2400315517
2400315514
2400315499
2400315489
2400315487
2400315475
2400315473
2400315470
2400315463
2400315451
2400315443
2400315434
2400315430
2400315418
2400315399
2400315391
2400315364
2400315361
2400315355
2400315346
2400315341
2400315313
2400315311
2400315310
2400315299
2400315278
2400315271
2400315259
2400315255
2400315253
2400315250
2400315236
2400315235
2400315231
2400315226
2400315206
2400315202
2400315196
2400315194
2400315192
2400315183
2400315175
2400315153
2400315148
2400315141
2400315133
2400315131
2400315115
2400315100
2400315077
2400315073
2400315048
2400315039
2400315034
2400315033
2400315008
2400315000
2400314997
2400314996
2400314992
2400314988
2400314984
2400314981
2400314955
2400314948
2400314935
2400314929
2400314900
2400314880
2400314845
2400314829
2400314808
2400314791
2400314782
2400314774
2400314754
2400314744
2400314737
2400314734
2400314718
2400314716
2400314701
2400314696
2400314675
2400314669
2400314652
2400314648
2400314637
2400314620
2400314593
2400314585
2400314581
2400314578
2400314571
2400314569
2400314567
2400314564
2400314552
2400314546
2400314545
2400314542
2400314531
2400314527
2400314523
2400314522
2400314498
2400314493
2400314491
2400314483
2400314473
2400314467
2400314461
2400314449
2400314446
2400314441
2400314434
2400314433
2400314415
2400314413
2400314398
2400314397
2400314386
2400314374
2400314369
2400314365
2400314349
2400314342
2400314331
2400314316
2400314313
2400314312
2400314310
2400314300
2400314295
2400314284
2400314280
2400314279
2400314270
2400314237
2400314146
2400314125
2400314095
2400314080
2400314076
2400314072
2400314071
2400314043
2400314038
2400314026
2400314021
2400314017
2400314012
2400314001
2400314000
2400313978
2400313954
2400313953
2400313945
2400313943
2400313937
2400313935
2400313932
2400313918
2400313904
2400313891
2400313889
2400313877
2400313864
2400313856
2400313845
2400313831
2400313829
2400313774
2400313769
2400313762
2400313754
2400313744
2400313734
2400313702
2400313696
2400313692
2400313687
2400313659
2400313651
2400313635
2400313627
2400313625
2400313594
2400313584
2400313578
2400313548
2400313547
2400313531
2400313527
2400313522
2400313488
2400313477
2400313475
2400313472
2400313467
2400313463
2400313450
2400313446
2400313437
2400313433
2400313432
2400313430
2400313428
2400313426
2400313423
2400313402
2400313398
2400313378
2400313369
2400313367
2400313343
2400313340
2400313319
2400313312
2400313298
2400313293
2400313290
2400313285
2400313259
2400313252
2400313248
2400313246
2400313245
2400313217
2400313213
2400313184
2400313170
2400313155
2400313145
2400313144
2400313141
2400313124
2400313123
2400313117
2400313115
2400313114
2400313111
2400313107
2400313101
2400313099
2400313096
2400313094
2400313093
2400313082
2400313081
2400313071
2400313063
2400313059
2400313044
2400313034
2400313022
2400313020
2400313013
2400312996
2400312992
2400312985
2400312982
2400312980
2400312976
2400312952
2400312941
2400312905
2400312900
2400312886
2400312871
2400312852
2400312798
2400312786
2400312762
2400312757
2400312728
2400312710
2400312677
2400312676
2400312656
2400312622
2400312604
2400312580
2400312565
2400312553
2400312546
2400312535
2400312534
2400312524
2400312516
2400312509
2400312497
2400312486
2400312470
2400312446
2400312403
2400312393
2400312389
2400312372
2400312345
2400312344
2400312321
2400312310
2400312292
2400312287
2400312284
2400312280
2400312262
2400312261
2400312259
2400312253
2400312233
2400312229
2400312185
2400312173
2400312165
2400312164
2400312161
2400312158
2400312154
2400312146
2400312134
2400312132
2400312121
2400312103
2400312096
2400312086
2400312082
2400312078
2400312077
2400312044
2400312013
2400312007
2400312005
2400311994
2400311981
2400311977
2400311969
2400311952
2400311948
2400311945
2400311942
2400311939
2400311937
2400311912
2400311862
2400311818
2400311817
2400311780
2400311762
2400311756
2400311749
2400311735
2400311733
2400311722
2400311718
2400311717
2400311704
2400311684
2400311679
2400311674
2400311673
2400311658
2400311637
2400311636
2400311633
2400311631
2400311617
2400311603
2400311601
2400311595
2400311594
2400311593
2400311592
2400311580
2400311573
2400311572
2400311545
2400311530
2400311513
2400311511
2400311507
2400311489
2400311483
2400311477
2400311476
2400311475
2400311473
2400311468
2400311460
2400311453
2400311443
2400311417
2400311408
2400311398
2400311364
2400311347
2400311332
2400311326
2400311325
2400311324
2400311323
2400311316
2400311305
2400311298
2400311291
2400311288
2400311283
2400311275
2400311265
2400311264
2400311263
2400311259
2400311250
2400311227
2400311225
2400311222
2400311215
2400311211
2400311204
2400311203
2400311197
2400311184
2400311177
2400311166
2400311161
2400311085
2400311078
2400311067
2400311054
2400311052
2400311050
2400311046
2400311041
2400311028
2400311015
2400311007
2400311002
2400310962
2400310958
2400310927
2400310924
2400310918
2400310877
2400310872
2400310866
2400310863
2400310860
2400310854
2400310852
2400310846
2400310843
2400310838
2400310784
2400310774
2400310763
2400310754
2400310748
2400310731
2400310719
2400310693
2400310689
2400310679
2400310675
2400310667
2400310649
2400310631
2400310606
2400310603
2400310594
2400310592
2400310585
2400310583
2400310581
2400310580
2400310575
2400310566
2400310563
2400310561
2400310542
2400310519
2400310513
2400310499
2400310496
2400310486
2400310480
2400310463
2400310460
2400310449
2400310441
2400310436
2400310435
2400310431
2400310430
2400310423
2400310419
2400310379
2400310367
2400310358
2400310357
2400310326
2400310321
2400310314
2400310292
2400310290
2400310279
2400310270
2400310266
2400310254
2400310244
2400310224
2400310223
2400310218
2400310215
2400310207
2400310205
2400310204
2400310201
2400310199
2400310192
2400310188
2400310186
2400310178
2400310163
2400310159
2400310154
2400310150
2400310147
2400310140
2400310128
2400310126
2400310123
2400310122
2400310090
2400310081
2400310079
2400310067
2400310063
2400310034
2400310032
2400310029
2400310015
2400309980
2400309973
2400309956
2400309954
2400309930
2400309926
2400309924
2400309898
2400309890
2400309862
2400309860
2400309834
2400309833
2400309805
2400309799
2400309762
2400309739
2400309732
2400309727
2400309656
2400309653
2400309651
2400309650
2400309645
2400309581
2400309580
2400309577
2400309529
2400309527
2400309516
2400309486
2400309463
2400309462
2400309455
2400309442
2400309432
2400309431
2400309430
2400309425
2400309419
2400309411
2400309409
2400309361
2400309358
2400309355
2400309338
2400309306
2400309301
2400309293
2400309291
2400309284
2400309282
2400309236
2400309235
2400309234
2400309227
2400309223
2400309220
2400309212
2400309207
2400309199
2400309197
2400309183
2400309175
2400309168
2400309166
2400309162
2400309158
2400309157
2400309138
2400309127
2400309097
2400309093
2400309091
2400309086
2400309080
2400309078
2400309076
2400309073
2400309066
2400309057
2400309049
2400309026
2400309025
2400309019
2400309005
2400308985
2400308956
2400308954
2400308948
2400308945
2400308936
2400308931
2400308909
2400308907
2400308889
2400308887
2400308864
2400308841
2400308832
2400308829
2400308827
2400308822
2400308812
2400308809
2400308808
2400308800
2400308789
2400308788
2400308778
2400308755
2400308750
2400308740
2400308722
2400308716
2400308686
2400308657
2400308654
2400308627
2400308619
2400308600
2400308597
2400308581
2400308575
2400308565
2400308550
2400308542
2400308532
2400308512
2400308494
2400308490
2400308488
2400308474
2400308468
2400308462
2400308450
2400308446
2400308439
2400308433
2400308416
2400308414
2400308410
2400308408
2400308387
2400308364
2400308351
2400308329
2400308317
2400308315
2400308292
2400308265
2400308250
2400308248
2400308230
2400308226
2400308225
2400308219
2400308191
2400308147
2400308126
2400308090
2400308089
2400308087
2400308084
2400308083
2400308064
2400308031
2400308023
2400308007
2400307979
2400307967
2400307961
2400307960
2400307959
2400307957
2400307943
2400307920
2400307916
2400307915
2400307914
2400307911
2400307902
2400307901
2400307894
2400307889
2400307883
2400307882
2400307876
2400307866
2400307862
2400307843
2400307817
2400307812
2400307798
2400307791
2400307783
2400307776
2400307765
2400307751
2400307734
2400307715
2400307709
2400307703
2400307700
2400307687
2400307679
2400307669
2400307667
2400307656
2400307650
2400307639
2400307638
2400307597
2400307592
2400307578
2400307548
2400307545
2400307540
2400307533
2400307528
2400307524
2400307518
2400307517
2400307515
2400307505
2400307497
2400307479
2400307477
2400307471
2400307467
2400307435
2400307432
2400307430
2400307414
2400307411
2400307393
2400307376
2400307369
2400307343
2400307342
2400307333
2400307326
2400307320
2400307310
2400307300
2400307289
2400307242
2400307233
2400307230
2400307221
2400307198
2400307184
2400307151
2400307148
2400307145
2400307140
2400307138
2400307137
2400307103
2400307093
2400307083
2400307081
2400307041
2400307000
2400306990
2400306966
2400306957
2400306956
2400306919
2400306916
2400306909
2400306889
2400306885
2400306873
2400306849
2400306848
2400306844
2400306830
2400306796
2400306789
2400306772
2400306759
2400306747
2400306734
2400306733
2400306726
2400306709
2400306693
2400306689
2400306686
2400306684
2400306666
2400306637
2400306636
2400306625
2400306620
2400306612
2400306610
2400306595
2400306569
2400306550
2400306542
2400306539
2400306511
2400306493
2400306492
2400306488
2400306484
2400306475
2400306472
2400306450
2400306442
2400306439
2400306424
2400306409
2400306407
2400306392
2400306390
2400306359
2400306357
2400306352
2400306350
2400306346
2400306338
2400306327
2400306324
2400306322
2400306313
2400306311
2400306294
2400306227
2400306204
2400306201
2400306196
2400306184
2400306176
2400306172
2400306170
2400306151
2400306142
2400306137
2400306121
2400306117
2400306111
2400306106
2400306064
2400306054
2400306039
2400306037
2400306033
2400306031
2400306017
2400306016
2400306005
2400305987
2400305951
2400305942
2400305939
2400305938
2400305924
2400305916
2400305907
2400305892
2400305882
2400305881
2400305880
2400305870
2400305861
2400305846
2400305839
2400305828
2400305808
2400305800
2400305796
2400305790
2400305782
2400305774
2400305771
2400305735
2400305728
2400305719
2400305718
2400305709
2400305230
2400305226
2400305222
2400305218
2400305216
2400305198
2400305183
2400305181
2400305179
2400305176
2400305175
2400305166
2400305159
2400305150
2400305146
2400305145
2400305140
2400305138
2400305127
2400305110
2400305095
2400305076
2400305073
2400305064
2400305055
2400305054
2400305052
2400305039
2400305037
2400305033
2400305030
2400305020
2400305019
2400305001
2400304993
2400304986
2400304985
2400304971
2400304965
2400304962
2400304952
2400304947
2400304941
2400304927
2400304923
2400304916
2400304913
2400304901
2400304875
2400304861
2400304859
2400304857
2400304854
2400304848
2400304841
2400304815
2400304803
2400304802
2400304798
2400304796
2400304778
2400304766
2400304765
2400304763
2400304744
2400304728
2400304709
2400304704
2400304703
2400304700
2400304670
2400304667
2400304664
2400304657
2400304653
2400304644
2400304643
2400304636
2400304635
2400304612
2400304574
2400304567
2400304561
2400304560
2400304557
2400304551
2400304548
2400304543
2400304542
2400304526
2400304520
2400304514
2400304513
2400304508
2400304501
2400304493
2400304488
2400304453
2400304451
2400304447
2400304441
2400304430
2400304429
2400304421
2400304411
2400304410
2400304390
2400304388
2400304375
2400304371
2400304366
2400304364
2400304357
2400304348
2400304340
2400304330
2400304322
2400304317
2400304314
2400304301
2400304296
2400304294
2400304281
2400304263
2400304262
2400304258
2400304257
2400304249
2400304239
2400304236
2400304232
2400304229
2400304224
2400304220
2400304217
2400304211
2400304206
2400304193
2400304180
2400304178
2400304174
2400304171
2400304165
2400304160
2400304154
2400304150
2400304149
2400304148
2400304143
2400304141
2400304140
2400304128
2400304127
2400304122
2400304119
2400304100
2400304096
2400304087
2400304052
2400304038
2400304025
2400304020
2400304016
2400304008
2400303988
2400303987
2400303958
2400303954
2400303944
2400303942
2400303937
2400303933
2400303932
2400303931
2400303927
2400303924
2400303918
2400303916
2400303907
2400303899
2400303892
2400303885
2400303884
2400303873
2400303867
2400303848
2400303797
2400303793
2400303790
2400303785
2400303753
2400303744
2400303717
2400303716
2400303681
2400303680
2400303663
2400303661
2400303651
2400303648
2400303632
2400303631
2400303628
2400303618
2400303604
2400303585
2400303578
2400303573
2400303559
2400303547
2400303513
2400303475
2400303472
2400303460
2400303457
2400303448
2400303447
2400303430
2400303428
2400303415
2400303412
2400303401
2400303400
2400303391
2400303381
2400303376
2400303374
2400303371
2400303358
2400303355
2400303343
2400303341
2400303334
2400303333
2400303304
2400303295
2400303292
2400303277
2400303259
2400303258
2400303249
2400303246
2400303207
2400303201
2400303182
2400303179
2400303177
2400303174
2400303167
2400303163
2400303155
2400303150
2400303133
2400303129
2400303118
2400303115
2400303113
2400303110
2400303091
2400303077
2400303053
2400303050
2400303043
2400303033
2400303020
2400302995
2400302994
2400302987
2400302984
2400302968
2400302967
2400302962
2400302960
2400302939
2400302927
2400302919
2400302900
2400302898
2400302895
2400302892
2400302888
2400302845
2400302819
2400302808
2400302802
2400302793
2400302783
2400302777
2400302774
2400302772
2400302771
2400302763
2400302757
2400302755
2400302752
2400302749
2400302747
2400302743
2400302741
2400302739
2400302737
2400302736
2400302720
2400302718
2400302687
2400302683
2400302682
2400302678
2400302677
2400302674
2400302652
2400302642
2400302617
2400302613
2400302601
2400302597
2400302589
2400302585
2400302578
2400302577
2400302576
2400302567
2400302553
2400302551
2400302530
2400302522
2400302517
2400302458
2400302455
2400302432
2400302413
2400302404
2400302397
2400302389
2400302385
2400302374
2400302369
2400302365
2400302357
2400302349
2400302335
2400302316
2400302312
2400302308
2400302307
2400302298
2400302292
2400302278
2400302276
2400302273
2400302258
2400302257
2400302253
2400302248
2400302241
2400302236
2400302233
2400302225
2400302222
2400302220
2400302212
2400302208
2400302200
2400302187
2400302160
2400302155
2400302152
2400302148
2400302135
2400302122
2400302117
2400302101
2400302099
2400302098
2400302082
2400302075
2400302058
2400302057
2400302050
2400302035
2400302028
2400302021
2400302009
2400301988
2400301973
2400301962
2400301960
2400301933
2400301923
2400301919
2400301901
2400301897
2400301878
2400301875
2400301874
2400301843
2400301842
2400301840
2400301837
2400301832
2400301823
2400301794
2400301791
2400301779
2400301752
2400301741
2400301739
2400301734
2400301732
2400301727
2400301720
2400301714
2400301663
2400301660
2400301655
2400301639
2400301634
2400301627
2400301624
2400301618
2400301617
2400301615
2400301612
2400301585
2400301583
2400301580
2400301579
2400301565
2400301556
2400301551
2400301549
2400301545
2400301537
2400301521
2400301520
2400301513
2400301496
2400301483
2400301479
2400301469
2400301463
2400301453
2400301447
2400301445
2400301441
2400301439
2400301438
2400301436
2400301432
2400301425
2400301417
2400301415
2400301407
2400301396
2400301395
2400301385
2400301376
2400301373
2400301370
2400301368
2400301366
2400301364
2400301363
2400301357
2400301355
2400301350
2400301345
2400301339
2400301327
2400301315
2400301307
2400301305
2400301291
2400301285
2400301277
2400301276
2400301270
2400301265
2400301262
2400301261
2400301256
2400301228
2400301217
2400301216
2400301213
2400301205
2400301199
2400301198
2400301194
2400301193
2400301156
2400301151
2400301150
2400301141
2400301127
2400301126
2400301117
2400301115
2400301099
2400301097
2400301094
2400301091
2400301085
2400301074
2400301072
2400301070
2400301068
2400301061
2400301055
2400301046
2400301042
2400301025
2400301024
2400301023
2400301021
2400301003
2400301001
2400300982
2400300977
2400300968
2400300960
2400300955
2400300950
2400300946
2400300941
2400300914
2400300912
2400300911
2400300899
2400300897
2400300893
2400300883
2400300881
2400300880
2400300871
2400300866
2400300855
2400300850
2400300849
2400300844
2400300842
2400300837
2400300825
2400300820
2400300816
2400300815
2400300813
2400300811
2400300790
2400300787
2400300777
2400300774
2400300737
2400300735
2400300734
2400300731
2400300721
2400300718
2400300716
2400300712
2400300710
2400300704
2400300698
2400300689
2400300676
2400300669
2400300658
2400300653
2400300649
2400300645
2400300634
2400300620
2400300613
2400300609
2400300600
2400300598
2400300595
2400300580
2400300571
2400300544
2400300542
2400300533
2400300526
2400300516
2400300515
2400300491
2400300479
2400300464
2400300458
2400300457
2400300446
2400300445
2400300428
2400300418
2400300400
2400300390
2400300354
2400300349
2400300348
2400300346
2400300330
2400300320
2400300319
2400300317
2400300305
2400300299
2400300286
2400300279
2400300276
2400300242
2400300241
2400300221
2400300210
2400300183
2400300178
2400300174
2400300165
2400300151
2400300130
2400300124
2400300110
2400300109
2400300108
2400300100
2400300099
2400300098
2400300090
2400300087
2400300078
2400300074
2400300064
2400300062
2400300058
2400300057
2400300053
2400300045
2400300039
2400300037
2400300033
2400300025
2400300020
2400300012
2400300008
2400300006
2400300000
2400299998
2400299995
2400299990
2400299985
2400299984
2400299982
2400299968
2400299965
2400299960
2400299951
2400299942
2400299940
2400299939
2400299929
2400299926
2400299919
2400299908
2400299859
2400299846
2400299839
2400299829
2400299827
2400299824
2400299812
2400299798
2400299792
2400299787
2400299780
2400299776
2400299772
2400299770
2400299748
2400299745
2400299736
2400299730
2400299725
2400299721
2400299719
2400299715
2400299713
2400299700
2400299679
2400299676
2400299634
2400299632
2400299624
2400299618
2400299614
2400299610
2400299571
2400299530
2400299520
2400299514
2400299513
2400299511
2400299502
2400299500
2400299490
2400299484
2400299472
2400299467
2400299458
2400299457
2400299453
2400299450
2400299428
2400299423
2400299412
2400299408
2400299400
2400299383
2400299372
2400299365
2400299329
2400299323
2400299316
2400299312
2400299311
2400299309
2400299292
2400299291
2400299285
2400299279
2400299276
2400299267
2400299265
2400299244
2400299237
2400299229
2400299227
2400299217
2400299216
2400299214
2400299187
2400299181
2400299159
2400299153
2400299143
2400299137
2400299136
2400299130
2400299129
2400299119
2400299094
2400299076
2400299073
2400299070
2400299065
2400299051
2400299050
2400299047
2400299036
2400299035
2400299012
2400299010
2400299002
2400299000
2400298998
2400298967
2400298957
2400298951
2400298948
2400298945
2400298930
2400298928
2400298917
2400298912
2400298908
2400298906
2400298901
2400298899
2400298896
2400298889
2400298869
2400298853
2400298845
2400298844
2400298843
2400298840
2400298819
2400298769
2400298754
2400298752
2400298750
2400298733
2400298725
2400298723
2400298708
2400298705
2400298695
2400298686
2400298681
2400298680
2400298678
2400298670
2400298658
2400298653
2400298651
2400298635
2400298631
2400298623
2400298610
2400298607
2400298603
2400298599
2400298579
2400298575
2400298574
2400298569
2400298553
2400298552
2400298551
2400298549
2400298540
2400298530
2400298516
2400298501
2400298496
2400298493
2400298490
2400298487
2400298482
2400298478
2400298473
2400298470
2400298466
2400298459
2400298452
2400298440
2400298436
2400298420
2400298414
2400298407
2400298404
2400298396
2400298390
2400298377
2400298371
2400298356
2400298353
2400298352
2400298337
2400298325
2400298317
2400298300
2400298293
2400298289
2400298271
2400298245
2400298238
2400298234
2400298229
2400298216
2400298214
2400298210
2400298194
2400298176
2400298168
2400298161
2400298155
2400298147
2400298146
2400298128
2400298095
2400298093
2400298089
2400298088
2400298075
2400298023
2400298014
2400297988
2400297964
2400297962
2400297949
2400297942
2400297936
2400297935
2400297926
2400297922
2400297921
2400297915
2400297913
2400297907
2400297889
2400297875
2400297860
2400297848
2400297838
2400297835
2400297834
2400297829
2400297828
2400297826
2400297821
2400297813
2400297809
2400297806
2400297805
2400297803
2400297795
2400297790
2400297787
2400297777
2400297772
2400297764
2400297747
2400297744
2400297720
2400297716
2400297707
2400297704
2400297702
2400297690
2400297680
2400297669
2400297649
2400297648
2400297641
2400297633
2400297625
2400297622
2400297610
2400297599
2400297598
2400297573
2400297570
2400297563
2400297538
2400297531
2400297520
2400297516
2400297510
2400297508
2400297495
2400297486
2400297470
2400297457
2400297453
2400297448
2400297447
2400297435
2400297430
2400297417
2400297414
2400297412
2400297407
2400297389
2400297367
2400297350
2400297343
2400297341
2400297336
2400297330
2400297325
2400297317
2400297314
2400297290
2400297273
2400297251
2400297242
2400297239
2400297234
2400297223
2400297194
2400297190
2400297188
2400297164
2400297162
2400297159
2400297158
2400297141
2400297133
2400297132
2400297121
2400297118
2400297100
2400297098
2400297078
2400297068
2400297064
2400297057
2400297053
2400297043
2400297042
2400297040
2400297038
2400297033
2400297032
2400297006
2400297001
2400296998
2400296982
2400296977
2400296959
2400296951
2400296950
2400296944
2400296940
2400296934
2400296930
2400296927
2400296920
2400296908
2400296905
2400296893
2400296887
2400296881
2400296879
2400296871
2400296861
2400296849
2400296844
2400296830
2400296820
2400296811
2400296803
2400296799
2400296780
2400296772
2400296766
2400296748
2400296745
2400296741
2400296734
2400296724
2400296723
2400296721
2400296701
2400296698
2400296685
2400296662
2400296637
2400296636
2400296633
2400296631
2400296627
2400296609
2400296607
2400296594
2400296589
2400296585
2400296575
2400296573
2400296565
2400296548
2400296536
2400296528
2400296527
2400296515
2400296511
2400296505
2400296492
2400296487
2400296476
2400296462
2400296457
2400296430
2400296423
2400296415
2400296413
2400296387
2400296377
2400296369
2400296348
2400296341
2400296313
2400296309
2400296301
2400296299
2400296294
2400296292
2400296276
2400296266
2400296265
2400296259
2400296254
2400296247
2400296236
2400296232
2400296225
2400296222
2400296214
2400296209
2400296206
2400296199
2400296184
2400296177
2400296169
2400296168
2400296162
2400296150
2400296145
2400296143
2400296139
2400296134
2400296132
2400296128
2400296127
2400296121
2400296118
2400296116
2400296111
2400296107
2400296101
2400296100
2400296097
2400296090
2400296088
2400296084
2400296075
2400296063
2400296058
2400296050
2400296040
2400296037
2400296033
2400296024
2400296019
2400296017
2400296016
2400296011
2400296005
2400296002
2400295995
2400295991
2400295972
2400295963
2400295948
2400295945
2400295943
2400295940
2400295936
2400295920
2400295915
2400295909
2400295908
2400295903
2400295902
2400295894
2400295890
2400295876
2400295854
2400295848
2400295846
2400295831
2400295829
2400295825
2400295824
2400295818
2400295816
2400295806
2400295789
2400295780
2400295770
2400295764
2400295751
2400295745
2400295742
2400295740
2400295737
2400295735
2400295734
2400295729
2400295721
2400295720
2400295719
2400295718
2400295705
2400295691
2400295686
2400295676
2400295665
2400295656
2400295653
2400295651
2400295623
2400295616
2400295607
2400295602
2400295595
2400295586
2400295583
2400295565
2400295542
2400295532
2400295500
2400295498
2400295490
2400295483
2400295482
2400295478
2400295476
2400295474
2400295472
2400295470
2400295466
2400295457
2400295453
2400295451
2400295440
2400295432
2400295427
2400295425
2400295423
2400295419
2400295410
2400295397
2400295384
2400295379
2400295346
2400295338
2400295332
2400295329
2400295325
2400295309
2400295304
2400295300
2400295299
2400295290
2400295287
2400295286
2400295281
2400295275
2400295263
2400295246
2400295229
2400295211
2400295205
2400295204
2400295203
2400295166
2400295149
2400295148
2400295146
2400295144
2400295118
2400295071
2400295059
2400295057
2400295035
2400295030
2400295023
2400295014
2400295005
2400295004
2400294985
2400294967
2400294966
2400294951
2400294949
2400294946
2400294945
2400294939
2400294938
2400294931
2400294923
2400294914
2400294912
2400294903
2400294902
2400294889
2400294885
2400294882
2400294877
2400294871
2400294870
2400294869
2400294865
2400294862
2400294858
2400294856
2400294855
2400294852
2400294845
2400294841
2400294828
2400294827
2400294814
2400294813
2400294811
2400294784
2400294780
2400294773
2400294771
2400294763
2400294762
2400294756
2400294740
2400294739
2400294723
2400294719
2400294716
2400294714
2400294710
2400294705
2400294696
2400294671
2400294646
2400294643
2400294628
2400294627
2400294624
2400294618
2400294616
2400294613
2400294610
2400294598
2400294583
2400294574
2400294565
2400294561
2400294559
2400294527
2400294524
2400294508
2400294503
2400294499
2400294498
2400294497
2400294489
2400294488
2400294486
2400294478
2400294476
2400294473
2400294469
2400294467
2400294466
2400294460
2400294436
2400294424
2400294413
2400294410
2400294407
2400294404
2400294402
2400294383
2400294381
2400294377
2400294372
2400294370
2400294369
2400294360
2400294359
2400294355
2400294350
2400294344
2400294335
2400294332
2400294321
2400294314
2400294305
2400294301
2400294300
2400294296
2400294293
2400294286
2400294284
2400294268
2400294263
2400294262
2400294257
2400294256
2400294243
2400294242
2400294231
2400294228
2400294226
2400294216
2400294211
2400294208
2400294196
2400294165
2400294155
2400294153
2400294152
2400294143
2400294142
2400294140
2400294138
2400294136
2400294132
2400294126
2400294125
2400294110
2400294097
2400294093
2400294085
2400294075
2400294072
2400294048
2400294046
2400294031
2400294023
2400294006
2400293999
2400293996
2400293985
2400293982
2400293912
2400293895
2400293876
2400293867
2400293863
2400293855
2400293852
2400293851
2400293845
2400293832
2400293825
2400293817
2400293798
2400293777
2400293774
2400293768
2400293766
2400293744
2400293723
2400293722
2400293717
2400293711
2400293709
2400293703
2400293695
2400293685
2400293682
2400293671
2400293669
2400293659
2400293657
2400293642
2400293628
2400293623
2400293621
2400293617
2400293614
2400293613
2400293594
2400293589
2400293580
2400293574
2400293556
2400293555
2400293554
2400293551
2400293519
2400293516
2400293514
2400293513
2400293512
2400293508
2400293504
2400293499
2400293496
2400293493
2400293486
2400293476
2400293458
2400293439
2400293419
2400293415
2400293406
2400293404
2400293396
2400293395
2400293386
2400293381
2400293376
2400293371
2400293364
2400293360
2400293356
2400293354
2400293352
2400293343
2400293333
2400293325
2400293324
2400293314
2400293307
2400293297
2400293296
2400293293
2400293292
2400293261
2400293257
2400293256
2400293249
2400293247
2400293243
2400293241
2400293240
2400293236
2400293216
2400293215
2400293213
2400293209
2400293203
2400293201
2400293196
2400293168
2400293164
2400293152
2400293151
2400293150
2400293149
2400293148
2400293147
2400293146
2400293140
2400293138
2400293129
2400293122
2400293118
2400293117
2400293103
2400293100
2400293095
2400293094
2400293088
2400293077
2400293058
2400293050
2400293021
2400293016
2400293014
2400293012
2400293000
2400292989
2400292981
2400292973
2400292962
2400292961
2400292958
2400292934
2400292928
2400292926
2400292922
2400292919
2400292918
2400292914
2400292903
2400292892
2400292890
2400292871
2400292844
2400292842
2400292832
2400292828
2400292791
2400292789
2400292785
2400292783
2400292776
2400292775
2400292766
2400292765
2400292750
2400292749
2400292748
2400292731
2400292730
2400292726
2400292723
2400292721
2400292700
2400292686
2400292685
2400292683
2400292669
2400292663
2400292660
2400292654
2400292650
2400292644
2400292627
2400292604
2400292598
2400292595
2400292587
2400292586
2400292569
2400292562
2400292557
2400292552
2400292546
2400292542
2400292541
2400292530
2400292528
2400292524
2400292523
2400292520
2400292518
2400292503
2400292500
2400292494
2400292490
2400292489
2400292487
2400292486
2400292483
2400292472
2400292469
2400292457
2400292452
2400292450
2400292444
2400292437
2400292433
2400292430
2400292427
2400292418
2400292411
2400292395
2400292386
2400292379
2400292364
2400292351
2400292347
2400292343
2400292340
2400292333
2400292325
2400292307
2400292298
2400292270
2400292259
2400292258
2400292256
2400292252
2400292247
2400292240
2400292235
2400292230
2400292223
2400292222
2400292219
2400292216
2400292198
2400292193
2400292190
2400292185
2400292181
2400292180
2400292159
2400292128
2400292126
2400292120
2400292107
2400292091
2400292070
2400292053
2400292033
2400292023
2400292018
2400292017
2400291991
2400291987
2400291980
2400291963
2400291944
2400291942
2400291938
2400291937
2400291931
2400291926
2400291907
2400291905
2400291881
2400291877
2400291844
2400291841
2400291840
2400291833
2400291832
2400291823
2400291818
2400291814
2400291811
2400291804
2400291789
2400291772
2400291752
2400291738
2400291725
2400291702
2400291693
2400291686
2400291668
2400291655
2400291630
2400291624
2400291616
2400291606
2400291603
2400291565
2400291551
2400291542
2400291535
2400291534
2400291527
2400291523
2400291504
2400291492
2400291474
2400291471
2400291470
2400291461
2400291453
2400291452
2400291443
2400291433
2400291430
2400291426
2400291423
2400291405
2400291381
2400291379
2400291376
2400291374
2400291369
2400291366
2400291363
2400291327
2400291310
2400291303
2400291301
2400291296
2400291284
2400291271
2400291264
2400291244
2400291239
2400291237
2400291234
2400291232
2400291225
2400291224
2400291208
2400291189
2400291169
2400291162
2400291157
2400291135
2400291117
2400291112
2400291096
2400291094
2400291076
2400291067
2400291036
2400291018
2400291009
2400291001
2400290993
2400290986
2400290977
2400290933
2400290928
2400290918
2400290903
2400290898
2400290893
2400290870
2400290854
2400290821
2400290799
2400290798
2400290790
2400290785
2400290770
2400290766
2400290746
2400290736
2400290734
2400290732
2400290718
2400290706
2400290705
2400290693
2400290689
2400290688
2400290673
2400290671
2400290667
2400290662
2400290621
2400290612
2400290593
2400290583
2400290560
2400290557
2400290548
2400290543
2400290539
2400290527
2400290521
2400290510
2400290509
2400290498
2400290494
2400290491
2400290487
2400290472
2400290462
2400290458
2400290457
2400290454
2400290452
2400290449
2400290448
2400290444
2400290419
2400290416
2400290407
2400290385
2400290383
2400290382
2400290359
2400290343
2400290334
2400290332
2400290314
2400290310
2400290297
2400290296
2400290289
2400290288
2400290283
2400290282
2400290275
2400290268
2400290257
2400290254
2400290253
2400290246
2400290239
2400290230
2400290229
2400290227
2400290223
2400290220
2400290218
2400290199
2400290187
2400290182
2400290180
2400290175
2400290170
2400290163
2400290162
2400290148
2400290144
2400290103
2400290099
2400290096
2400290089
2400290085
2400290081
2400290074
2400290060
2400290051
2400290026
2400290022
2400290012
2400290011
2400290006
2400289997
2400289992
2400289984
2400289980
2400289964
2400289961
2400289952
2400289943
2400289934
2400289925
2400289924
2400289917
2400289914
2400289908
2400289904
2400289900
2400289893
2400289881
2400289877
2400289868
2400289867
2400289863
2400289853
2400289852
2400289848
2400289832
2400289819
2400289813
2400289806
2400289787
2400289774
2400289764
2400289753
2400289743
2400289740
2400289709
2400289686
2400289672
2400289663
2400289650
2400289636
2400289634
2400289631
2400289603
2400289597
2400289593
2400289588
2400289587
2400289581
2400289570
2400289560
2400289556
2400289546
2400289529
2400289526
2400289500
2400289495
2400289466
2400289465
2400289464
2400289442
2400289436
2400289421
2400289420
2400289412
2400289400
2400289397
2400289394
2400289388
2400289372
2400289367
2400289359
2400289353
2400289326
2400289314
2400289313
2400289299
2400289274
2400289264
2400289255
2400289251
2400289224
2400289201
2400289197
2400289193
2400289166
2400289160
2400289149
2400289147
2400289146
2400289126
2400289119
2400289110
2400289109
2400289107
2400289105
2400289102
2400289092
2400289079
2400289061
2400289050
2400289049
2400289047
2400289036
2400289033
2400289032
2400289000
2400288990
2400288989
2400288988
2400288986
2400288981
2400288973
2400288971
2400288969
2400288964
2400288952
2400288947
2400288946
2400288944
2400288942
2400288939
2400288937
2400288921
2400288919
2400288907
2400288882
2400288877
2400288867
2400288862
2400288859
2400288852
2400288843
2400288832
2400288830
2400288827
2400288815
2400288810
2400288802
2400288799
2400288798
2400288787
2400288786
2400288777
2400288765
2400288764
2400288760
2400288758
2400288755
2400288754
2400288748
2400288744
2400288737
2400288730
2400288720
2400288719
2400288707
2400288704
2400288691
2400288683
2400288682
2400288678
2400288672
2400288652
2400288648
2400288640
2400288636
2400288635
2400288634
2400288630
2400288619
2400288615
2400288606
2400288604
2400288587
2400288581
2400288566
2400288557
2400288553
2400288549
2400288543
2400288535
2400288533
2400288502
2400288488
2400288482
2400288481
2400288470
2400288463
2400288433
2400288430
2400288393
2400288362
2400288361
2400288359
2400288356
2400288349
2400288332
2400288326
2400288325
2400288321
2400288320
2400288305
2400288302
2400288299
2400288247
2400288225
2400288220
2400288209
2400288208
2400288204
2400288203
2400288195
2400288189
2400288187
2400288170
2400288165
2400288158
2400288155
2400288146
2400288138
2400288125
2400288113
2400288092
2400288083
2400288069
2400288064
2400288054
2400288053
2400288049
2400288041
2400288026
2400288024
2400288011
2400288002
2400287985
2400287982
2400287980
2400287979
2400287955
2400287946
2400287919
2400287908
2400287907
2400287905
2400287902
2400287896
2400287883
2400287864
2400287852
2400287850
2400287849
2400287845
2400287838
2400287831
2400287828
2400287815
2400287813
2400287795
2400287786
2400287774
2400287765
2400287763
2400287762
2400287760
2400287749
2400287738
2400287722
2400287715
2400287710
2400287700
2400287696
2400287691
2400287673
2400287666
2400287662
2400287656
2400287650
2400287628
2400287623
2400287620
2400287618
2400287615
2400287580
2400287572
2400287571
2400287567
2400287552
2400287525
2400287521
2400287517
2400287514
2400287513
2400287511
2400287508
2400287504
2400287502
2400287500
2400287483
2400287475
2400287468
2400287451
2400287442
2400287433
2400287417
2400287408
2400287404
2400287403
2400287398
2400287393
2400287391
2400287390
2400287377
2400287365
2400287349
2400287341
2400287333
2400287328
2400287324
2400287322
2400287318
2400287315
2400287305
2400287303
2400287300
2400287292
2400287269
2400287257
2400287233
2400287223
2400287200
2400287177
2400287172
2400287159
2400287156
2400287153
2400287147
2400287146
2400287138
2400287133
2400287132
2400287123
2400287122
2400287111
2400287100
2400287082
2400287038
2400287001
2400286999
2400286985
2400286982
2400286980
2400286972
2400286956
2400286954
2400286947
2400286943
2400286935
2400286928
2400286923
2400286917
2400286906
2400286895
2400286885
2400286870
2400286869
2400286859
2400286855
2400286854
2400286852
2400286843
2400286833
2400286832
2400286828
2400286823
2400286803
2400286800
2400286796
2400286785
2400286772
2400286770
2400286767
2400286755
2400286745
2400286738
2400286735
2400286709
2400286696
2400286694
2400286692
2400286676
2400286674
2400286667
2400286652
2400286646
2400286637
2400286624
2400286622
2400286621
2400286598
2400286580
2400286576
2400286562
2400286530
2400286529
2400286507
2400286490
2400286480
2400286449
2400286442
2400286431
2400286421
2400286407
2400286406
2400286395
2400286380
2400286376
2400286372
2400286370
2400286365
2400286361
2400286350
2400286342
2400286339
2400286331
2400286329
2400286318
2400286312
2400286309
2400286303
2400286300
2400286291
2400286289
2400286286
2400286278
2400286277
2400286275
2400286268
2400286260
2400286252
2400286246
2400286245
2400286234
2400286226
2400286224
2400286219
2400286207
2400286197
2400286196
2400286193
2400286189
2400286179
2400286177
2400286171
2400286163
2400286162
2400286102
2400286095
2400286085
2400286066
2400286059
2400286051
2400286049
2400286036
2400286023
2400286019
2400285982
2400285967
2400285940
2400285934
2400285925
2400285919
2400285911
2400285910
2400285908
2400285888
2400285861
2400285860
2400285858
2400285853
2400285846
2400285843
2400285836
2400285835
2400285834
2400285816
2400285815
2400285812
2400285804
2400285797
2400285788
2400285777
2400285766
2400285755
2400285734
2400285718
2400285693
2400285687
2400285648
2400285637
2400285635
2400285625
2400285598
2400285595
2400285584
2400285581
2400285574
2400285571
2400285570
2400285564
2400285554
2400285547
2400285527
2400285523
2400285506
2400285502
2400285501
2400285484
2400285480
2400285478
2400285474
2400285472
2400285448
2400285419
2400285414
2400285404
2400285391
2400285384
2400285354
2400285347
2400285330
2400285312
2400285302
2400285295
2400285274
2400285250
2400285248
2400285230
2400285226
2400285217
2400285215
2400285204
2400285201
2400285188
2400285174
2400285172
2400285150
2400285148
2400285140
2400285124
2400285104
2400285103
2400285091
2400285078
2400285068
2400285065
2400285064
2400285062
2400285061
2400285014
2400285005
2400284994
2400284973
2400284971
2400284967
2400284955
2400284950
2400284910
2400284906
2400284890
2400284860
2400284839
2400284826
2400284808
2400284790
2400284789
2400284787
2400284783
2400284776
2400284775
2400284768
2400284767
2400284757
2400284756
2400284754
2400284747
2400284742
2400284737
2400284736
2400284712
2400284702
2400284700
2400284689
2400284666
2400284650
2400284640
2400284635
2400284633
2400284610
2400284605
2400284589
2400284569
2400284561
2400284556
2400284533
2400284515
2400284459
2400284456
2400284433
2400284429
2400284423
2400284405
2400284348
2400284340
2400284324
2400284313
2400284294
2400284284
2400284268
2400284260
2400284254
2400284231
2400284221
2400284193
2400284179
2400284164
2400284146
2400284118
2400284108
2400284107
2400284105
2400284100
2400284098
2400284086
2400284071
2400284063
2400284055
2400284029
2400284025
2400284020
2400284017
2400283998
2400283992
2400283984
2400283977
2400283913
2400283903
2400283887
2400283878
2400283859
2400283850
2400283829
2400283826
2400283821
2400283820
2400283798
2400283797
2400283793
2400283785
2400283741
2400283725
2400283711
2400283704
2400283684
2400283679
2400283633
2400283628
2400283623
2400283613
2400283610
2400283608
2400283579
2400283576
2400283570
2400283540
2400283536
2400283506
2400283502
2400283501
2400283492
2400283471
2400283433
2400283417
2400283416
2400283411
2400283409
2400283407
2400283405
2400283399
2400283391
2400283370
2400283367
2400283365
2400283341
2400283337
2400283330
2400283313
2400283302
2400283294
2400283285
2400283281
2400283278
2400283262
2400283253
2400283252
2400283249
2400283247
2400283242
2400283230
2400283208
2400283203
2400283191
2400283182
2400283170
2400283158
2400283156
2400283130
2400283128
2400283108
2400283096
2400283088
2400283080
2400283068
2400283067
2400283063
2400283049
2400283020
2400283017
2400283008
2400283005
2400282996
2400282990
2400282981
2400282977
2400282936
2400282928
2400282911
2400282906
2400282895
2400282884
2400282880
2400282871
2400282866
2400282857
2400282854
2400282842
2400282823
2400282812
2400282811
2400282792
2400282789
2400282762
2400282733
2400282721
2400282705
2400282701
2400282698
2400282665
2400282656
2400282651
2400282648
2400282640
2400282636
2400282635
2400282629
2400282622
2400282620
2400282618
2400282600
2400282593
2400282568
2400282560
2400282558
2400282548
2400282543
2400282537
2400282536
2400282531
2400282498
2400282491
2400282473
2400282471
2400282462
2400282449
2400282447
2400282442
2400282434
2400282431
2400282423
2400282405
2400282395
2400282362
2400282347
2400282344
2400282336
2400282326
2400282318
2400282317
2400282305
2400282301
2400282293
2400282289
2400282279
2400282253
2400282249
2400282248
2400282246
2400282223
2400282219
2400282215
2400282213
2400282209
2400282202
2400282184
2400282181
2400282173
2400282171
2400282162
2400282154
2400282153
2400282152
2400282148
2400282145
2400282144
2400282123
2400282117
2400282105
2400282102
2400282091
2400282090
2400282089
2400282085
2400282065
2400282058
2400282050
2400282049
2400282040
2400282003
2400282001
2400281999
2400281994
2400281991
2400281980
2400281976
2400281957
2400281934
2400281931
2400281928
2400281927
2400281924
2400281923
2400281919
2400281916
2400281915
2400281908
2400281905
2400281886
2400281882
2400281874
2400281860
2400281851
2400281849
2400281845
2400281838
2400281833
2400281814
2400281810
2400281797
2400281790
2400281784
2400281782
2400281779
2400281773
2400281771
2400281757
2400281752
2400281747
2400281743
2400281736
2400281718
2400281705
2400281702
2400281675
2400281667
2400281665
2400281663
2400281662
2400281658
2400281649
2400281640
2400281614
2400281612
2400281606
2400281583
2400281569
2400281568
2400281567
2400281552
2400281550
2400281545
2400281540
2400281527
2400281495
2400281429
2400281413
2400281394
2400281391
2400281358
2400281342
2400281332
2400281326
2400281302
2400281297
2400281287
2400281282
2400281270
2400281267
2400281258
2400281243
2400281225
2400281218
2400281210
2400281202
2400281201
2400281184
2400281166
2400281159
2400281157
2400281149
2400281147
2400281140
2400281128
2400281123
2400281113
2400281102
2400281095
2400281088
2400281085
2400281079
2400281076
2400281063
2400281050
2400281038
2400281036
2400281013
2400281012
2400280995
2400280962
2400280958
2400280956
2400280955
2400280952
2400280947
2400280944
2400280942
2400280937
2400280935
2400280934
2400280928
2400280926
2400280924
2400280921
2400280916
2400280913
2400280908
2400280902
2400280899
2400280895
2400280891
2400280888
2400280885
2400280869
2400280860
2400280852
2400280847
2400280838
2400280827
2400280824
2400280819
2400280803
2400280792
2400280779
2400280775
2400280773
2400280766
2400280746
2400280740
2400280732
2400280729
2400280725
2400280707
2400280696
2400280675
2400280671
2400280660
2400280650
2400280609
2400280586
2400280585
2400280572
2400280570
2400280568
2400280560
2400280557
2400280541
2400280540
2400280529
2400280516
2400280507
2400280503
2400280477
2400280471
2400280462
2400280452
2400280441
2400280436
2400280435
2400280421
2400280412
2400280409
2400280408
2400280402
2400280400
2400280397
2400280391
2400280390
2400280387
2400280380
2400280371
2400280365
2400280363
2400280362
2400280347
2400280329
2400280328
2400280323
2400280321
2400280318
2400280311
2400280309
2400280308
2400280303
2400280301
2400280300
2400280299
2400280294
2400280285
2400280278
2400280273
2400280270
2400280263
2400280258
2400280238
2400280210
2400280202
2400280198
2400280195
2400280194
2400280183
2400280173
2400280169
2400280166
2400280156
2400280139
2400280134
2400280107
2400280098
2400280082
2400280076
2400280071
2400280047
2400280023
2400280021
2400280016
2400280009
2400280008
2400280002
2400279992
2400279979
2400279976
2400279955
2400279944
2400279935
2400279928
2400279925
2400279921
2400279879
2400279872
2400279851
2400279847
2400279837
2400279823
2400279813
2400279804
2400279794
2400279791
2400279788
2400279772
2400279741
2400279736
2400279723
2400279715
2400279709
2400279696
2400279694
2400279679
2400279651
2400279638
2400279629
2400279570
2400279569
2400279547
2400279542
2400279541
2400279538
2400279535
2400279521
2400279509
2400279504
2400279503
2400279501
2400279496
2400279495
2400279462
2400279421
2400279419
2400279400
2400279399
2400279384
2400279377
2400279375
2400279361
2400279344
2400279340
2400279334
2400279304
2400279280
2400279277
2400279263
2400279255
2400279254
2400279240
2400279213
2400279204
2400279179
2400279169
2400279158
2400279151
2400279148
2400279141
2400279136
2400279127
2400279126
2400279124
2400279104
2400279096
2400279090
2400279064
2400279037
2400279021
2400279008
2400278998
2400278993
2400278956
2400278953
2400278946
2400278941
2400278940
2400278936
2400278925
2400278918
2400278912
2400278909
2400278907
2400278902
2400278901
2400278897
2400278891
2400278888
2400278878
2400278876
2400278873
2400278869
2400278837
2400278833
2400278829
2400278821
2400278813
2400278793
2400278779
2400278757
2400278752
2400278747
2400278741
2400278737
2400278735
2400278707
2400278704
2400278700
2400278695
2400278687
2400278681
2400278679
2400278672
2400278648
2400278645
2400278621
2400278609
2400278600
2400278592
2400278588
2400278585
2400278576
2400278574
2400278567
2400278566
2400278563
2400278547
2400278534
2400278530
2400278529
2400278511
2400278503
2400278501
2400278498
2400278467
2400278440
2400278422
2400278410
2400278404
2400278395
2400278355
2400278320
2400278316
2400278312
2400278311
2400278307
2400278302
2400278301
2400278296
2400278274
2400278272
2400278266
2400278260
2400278255
2400278251
2400278248
2400278246
2400278242
2400278238
2400278221
2400278215
2400278213
2400278200
2400278197
2400278194
2400278192
2400278182
2400278163
2400278159
2400278158
2400278156
2400278148
2400278141
2400278110
2400278109
2400278102
2400278091
2400278087
2400278085
2400278078
2400278041
2400278040
2400278017
2400278010
2400278007
2400278005
2400277957
2400277950
2400277943
2400277934
2400277911
2400277896
2400277890
2400277878
2400277867
2400277863
2400277862
2400277850
2400277844
2400277842
2400277841
2400277833
2400277832
2400277828
2400277820
2400277817
2400277816
2400277804
2400277800
2400277788
2400277781
2400277780
2400277778
2400277707
2400277702
2400277694
2400277693
2400277677
2400277671
2400277668
2400277643
2400277627
2400277619
2400277613
2400277597
2400277585
2400277569
2400277565
2400277556
2400277552
2400277549
2400277547
2400277536
2400277534
2400277525
2400277523
2400277520
2400277517
2400277497
2400277490
2400277477
2400277466
2400277465
2400277453
2400277435
2400277433
2400277431
2400277427
2400277424
2400277402
2400277401
2400277400
2400277396
2400277395
2400277391
2400277381
2400277379
2400277359
2400277341
2400277334
2400277332
2400277331
2400277316
2400277314
2400277274
2400277271
2400277268
2400277266
2400277265
2400277262
2400277259
2400277252
2400277251
2400277246
2400277239
2400277237
2400277235
2400277233
2400277230
2400277227
2400277199
2400277196
2400277193
2400277177
2400277173
2400277171
2400277161
2400277149
2400277143
2400277132
2400277129
2400277115
2400277099
2400277085
2400277084
2400277078
2400277073
2400277060
2400277052
2400277044
2400277039
2400277030
2400277022
2400277012
2400277008
2400277007
2400277001
2400276994
2400276986
2400276978
2400276976
2400276975
2400276964
2400276929
2400276925
2400276910
2400276909
2400276894
2400276892
2400276873
2400276856
2400276853
2400276850
2400276843
2400276835
2400276825
2400276822
2400276805
2400276797
2400276781
2400276780
2400276771
2400276770
2400276726
2400276723
2400276720
2400276718
2400276713
2400276711
2400276709
2400276707
2400276705
2400276696
2400276691
2400276689
2400276688
2400276684
2400276679
2400276668
2400276653
2400276637
2400276623
2400276616
2400276608
2400276603
2400276599
2400276592
2400276586
2400276580
2400276577
2400276575
2400276569
2400276554
2400276553
2400276551
2400276548
2400276512
2400276510
2400276509
2400276506
2400276503
2400276502
2400276497
2400276494
2400276490
2400276480
2400276470
2400276455
2400276443
2400276427
2400276421
2400276418
2400276417
2400276406
2400276403
2400276399
2400276398
2400276391
2400276372
2400276362
2400276360
2400276345
2400276341
2400276339
2400276336
2400276329
2400276328
2400276326
2400276320
2400276319
2400276314
2400276302
2400276298
2400276296
2400276285
2400276282
2400276240
2400276233
2400276225
2400276193
2400276190
2400276179
2400276176
2400276159
2400276153
2400276143
2400276142
2400276141
2400276131
2400276121
2400276114
2400276112
2400276109
2400276108
2400276107
2400276106
2400276098
2400276095
2400276087
2400276082
2400276075
2400276061
2400276058
2400276040
2400276033
2400276028
2400276015
2400275998
2400275996
2400275995
2400275989
2400275988
2400275987
2400275976
2400275961
2400275957
2400275937
2400275932
2400275922
2400275915
2400275908
2400275905
2400275899
2400275885
2400275880
2400275873
2400275869
2400275867
2400275861
2400275844
2400275831
2400275800
2400275799
2400275774
2400275766
2400275765
2400275760
2400275733
2400275725
2400275721
2400275713
2400275705
2400275698
2400275690
2400275677
2400275674
2400275668
2400275666
2400275658
2400275636
2400275624
2400275623
2400275597
2400275577
2400275561
2400275551
2400275541
2400275540
2400275526
2400275522
2400275520
2400275510
2400275507
2400275491
2400275490
2400275483
2400275478
2400275458
2400275456
2400275452
2400275443
2400275441
2400275418
2400275396
2400275395
2400275391
2400275390
2400275364
2400275354
2400275352
2400275347
2400275320
2400275314
2400275299
2400275295
2400275286
2400275277
2400275268
2400275240
2400275232
2400275216
2400275210
2400275200
2400275199
2400275187
2400275186
2400275160
2400275158
2400275142
2400275132
2400275128
2400275111
2400275108
2400275104
2400275102
2400275101
2400275077
2400275073
2400275069
2400275052
2400275050
2400275047
2400275043
2400275038
2400275026
2400275024
2400275015
2400275013
2400275004
2400274992
2400274988
2400274981
2400274979
2400274978
2400274960
2400274955
2400274940
2400274932
2400274931
2400274915
2400274913
2400274909
2400274902
2400274888
2400274886
2400274882
2400274879
2400274877
2400274875
2400274870
2400274856
2400274854
2400274839
2400274826
2400274802
2400274788
2400274767
2400274760
2400274759
2400274756
2400274732
2400274731
2400274730
2400274729
2400274721
2400274720
2400274704
2400274698
2400274689
2400274684
2400274679
2400274665
2400274657
2400274636
2400274627
2400274624
2400274619
2400274614
2400274611
2400274581
2400274573
2400274556
2400274538
2400274536
2400274533
2400274528
2400274525
2400274517
2400274513
2400274507
2400274506
2400274501
2400274486
2400274476
2400274472
2400274469
2400274461
2400274455
2400274454
2400274451
2400274447
2400274441
2400274435
2400274416
2400274405
2400274400
2400274383
2400274374
2400274365
2400274357
2400274352
2400274347
2400274342
2400274335
2400274323
2400274320
2400274316
2400274311
2400274309
2400274304
2400274285
2400274279
2400274278
2400274274
2400274271
2400274262
2400274243
2400274242
2400274240
2400274233
2400274215
2400274213
2400274209
2400274207
2400274205
2400274200
2400274188
2400274181
2400274159
2400274150
2400274144
2400274140
2400274136
2400274129
2400274125
2400274102
2400274100
2400274079
2400274077
2400274063
2400274056
2400274053
2400274042
2400274037
2400274034
2400274028
2400274014
2400273993
2400273991
2400273990
2400273987
2400273983
2400273973
2400273969
2400273957
2400273940
2400273935
2400273934
2400273920
2400273918
2400273915
2400273904
2400273903
2400273886
2400273880
2400273876
2400273863
2400273850
2400273837
2400273834
2400273827
2400273823
2400273807
2400273802
2400273795
2400273790
2400273778
2400273775
2400273763
2400273748
2400273744
2400273732
2400273728
2400273718
2400273699
2400273688
2400273684
2400273682
2400273660
2400273656
2400273651
2400273646
2400273637
2400273624
2400273613
2400273599
2400273597
2400273595
2400273590
2400273587
2400273578
2400273549
2400273542
2400273530
2400273520
2400273511
2400273508
2400273504
2400273498
2400273496
2400273484
2400273480
2400273479
2400273470
2400273465
2400273459
2400273452
2400273445
2400273428
2400273418
2400273368
2400273333
2400273312
2400273305
2400273287
2400273281
2400273275
2400273250
2400273249
2400273247
2400273243
2400273233
2400273228
2400273224
2400273213
2400273202
2400273201
2400273199
2400273197
2400273196
2400273166
2400273162
2400273155
2400273146
2400273141
2400273135
2400273127
2400273122
2400273121
2400273113
2400273096
2400273093
2400273087
2400273077
2400273065
2400273054
2400273033
2400273028
2400273022
2400273015
2400273014
2400273006
2400273005
2400272989
2400272987
2400272980
2400272973
2400272969
2400272968
2400272965
2400272960
2400272955
2400272938
2400272930
2400272929
2400272913
2400272912
2400272910
2400272897
2400272893
2400272888
2400272881
2400272875
2400272874
2400272854
2400272835
2400272824
2400272820
2400272813
2400272802
2400272795
2400272778
2400272762
2400272743
2400272741
2400272735
2400272725
2400272719
2400272700
2400272686
2400272684
2400272632
2400272627
2400272618
2400272615
2400272611
2400272605
2400272598
2400272596
2400272585
2400272577
2400272576
2400272570
2400272566
2400272563
2400272561
2400272549
2400272527
2400272523
2400272516
2400272487
2400272485
2400272474
2400272467
2400272459
2400272450
2400272445
2400272438
2400272435
2400272429
2400272422
2400272404
2400272402
2400272385
2400272376
2400272374
2400272359
2400272353
2400272342
2400272338
2400272333
2400272330
2400272322
2400272313
2400272307
2400272300
2400272280
2400272277
2400272258
2400272255
2400272247
2400272244
2400272243
2400272208
2400272205
2400272183
2400272175
2400272168
2400272165
2400272162
2400272155
2400272146
2400272145
2400272132
2400272102
2400272099
2400272076
2400272069
2400272019
2400272016
2400272014
2400271996
2400271993
2400271987
2400271983
2400271969
2400271965
2400271960
2400271951
2400271950
2400271946
2400271928
2400271919
2400271917
2400271916
2400271910
2400271903
2400271901
2400271896
2400271887
2400271867
2400271836
2400271831
2400271818
2400271811
2400271779
2400271772
2400271757
2400271752
2400271744
2400271732
2400271722
2400271710
2400271706
2400271686
2400271674
2400271673
2400271671
2400271670
2400271667
2400271662
2400271653
2400271642
2400271639
2400271634
2400271609
2400271608
2400271596
2400271594
2400271590
2400271586
2400271585
2400271580
2400271573
2400271542
2400271532
2400271531
2400271523
2400271491
2400271482
2400271477
2400271469
2400271458
2400271455
2400271427
2400271413
2400271348
2400271322
2400271321
2400271317
2400271316
2400271307
2400271299
2400271298
2400271275
2400271269
2400271267
2400271256
2400271252
2400271251
2400271243
2400271235
2400271233
2400271224
2400271222
2400271209
2400271207
2400271197
2400271194
2400271188
2400271179
2400271147
2400271144
2400271066
2400271053
2400271046
2400271039
2400271036
2400271027
2400271009
2400270996
2400270989
2400270984
2400270981
2400270951
2400270946
2400270933
2400270930
2400270914
2400270898
2400270895
2400270867
2400270865
2400270864
2400270859
2400270846
2400270843
2400270829
2400270803
2400270800
2400270794
2400270768
2400270731
2400270728
2400270723
2400270715
2400270713
2400270711
2400270709
2400270708
2400270706
2400270702
2400270686
2400270683
2400270681
2400270680
2400270677
2400270662
2400270653
2400270649
2400270645
2400270617
2400270602
2400270597
2400270586
2400270584
2400270581
2400270578
2400270573
2400270568
2400270563
2400270557
2400270543
2400270539
2400270538
2400270534
2400270533
2400270525
2400270523
2400270512
2400270509
2400270493
2400270468
2400270429
2400270427
2400270419
2400270414
2400270400
2400270396
2400270391
2400270385
2400270383
2400270361
2400270352
2400270346
2400270334
2400270325
2400270316
2400270306
2400270301
2400270282
2400270280
2400270275
2400270273
2400270267
2400270265
2400270262
2400270255
2400270254
2400270244
2400270233
2400270229
2400270225
2400270222
2400270199
2400270197
2400270193
2400270185
2400270184
2400270169
2400270162
2400270157
2400270137
2400270133
2400270125
2400270114
2400270100
2400270073
2400270059
2400270052
2400270046
2400270043
2400270036
2400270032
2400270026
2400270023
2400270017
2400270015
2400270014
2400269996
2400269994
2400269985
2400269983
2400269974
2400269970
2400269957
2400269955
2400269931
2400269930
2400269927
2400269917
2400269914
2400269903
2400269897
2400269873
2400269871
2400269865
2400269862
2400269860
2400269857
2400269854
2400269836
2400269833
2400269826
2400269820
2400269814
2400269806
2400269802
2400269795
2400269790
2400269779
2400269759
2400269732
2400269724
2400269718
2400269716
2400269713
2400269704
2400269699
2400269696
2400269694
2400269679
2400269671
2400269660
2400269657
2400269636
2400269631
2400269620
2400269602
2400269593
2400269591
2400269583
2400269579
2400269575
2400269573
2400269572
2400269559
2400269552
2400269551
2400269548
2400269545
2400269544
2400269538
2400269523
2400269508
2400269496
2400269493
2400269491
2400269487
2400269482
2400269481
2400269475
2400269448
2400269444
2400269439
2400269428
2400269418
2400269403
2400269375
2400269362
2400269354
2400269317
2400269308
2400269307
2400269302
2400269300
2400269299
2400269298
2400269297
2400269294
2400269288
2400269283
2400269275
2400269269
2400269241
2400269238
2400269219
2400269195
2400269187
2400269177
2400269154
2400269147
2400269146
2400269145
2400269144
2400269132
2400269131
2400269128
2400269115
2400269093
2400269085
2400269076
2400269072
2400269065
2400269061
2400269048
2400269046
2400269022
2400269019
2400269014
2400269009
2400269008
2400268979
2400268958
2400268943
2400268942
2400268936
2400268898
2400268877
2400268876
2400268859
2400268854
2400268849
2400268843
2400268807
2400268806
2400268800
2400268784
2400268781
2400268773
2400268768
2400268746
2400268744
2400268741
2400268740
2400268737
2400268731
2400268727
2400268726
2400268719
2400268715
2400268706
2400268702
2400268701
2400268687
2400268679
2400268678
2400268673
2400268666
2400268658
2400268647
2400268631
2400268603
2400268596
2400268593
2400268581
2400268576
2400268574
2400268558
2400268556
2400268554
2400268542
2400268510
2400268500
2400268491
2400268479
2400268471
2400268469
2400268467
2400268454
2400268429
2400268424
2400268413
2400268410
2400268402
2400268390
2400268373
2400268368
2400268366
2400268363
2400268359
2400268349
2400268347
2400268340
2400268337
2400268326
2400268316
2400268309
2400268308
2400268307
2400268303
2400268298
2400268296
2400268293
2400268269
2400268251
2400268236
2400268217
2400268216
2400268213
2400268208
2400268200
2400268189
2400268179
2400268175
2400268170
2400268159
2400268133
2400268132
2400268127
2400268114
2400268112
2400268100
2400268096
2400268092
2400268089
2400268082
2400268077
2400268063
2400268057
2400268055
2400268033
2400268015
2400267997
2400267990
2400267987
2400267985
2400267982
2400267977
2400267974
2400267960
2400267950
2400267945
2400267935
2400267932
2400267929
2400267901
2400267887
2400267882
2400267872
2400267871
2400267868
2400267867
2400267864
2400267859
2400267853
2400267849
2400267848
2400267826
2400267824
2400267819
2400267814
2400267809
2400267804
2400267772
2400267758
2400267753
2400267694
2400267687
2400267681
2400267677
2400267620
2400267613
2400267609
2400267607
2400267597
2400267595
2400267594
2400267592
2400267578
2400267575
2400267566
2400267550
2400267538
2400267537
2400267536
2400267531
2400267529
2400267522
2400267518
2400267516
2400267501
2400267498
2400267491
2400267482
2400267476
2400267470
2400267464
2400267461
2400267454
2400267453
2400267451
2400267447
2400267441
2400267436
2400267433
2400267428
2400267426
2400267424
2400267411
2400267405
2400267378
2400267375
2400267373
2400267370
2400267364
2400267358
2400267354
2400267348
2400267339
2400267325
2400267323
2400267320
2400267316
2400267315
2400267309
2400267304
2400267299
2400267296
2400267292
2400267284
2400267273
2400267258
2400267255
2400267250
2400267246
2400267239
2400267236
2400267226
2400267211
2400267209
2400267196
2400267195
2400267192
2400267186
2400267178
2400267142
2400267137
2400267135
2400267120
2400267116
2400267105
2400267096
2400267094
2400267080
2400267077
2400267066
2400267065
2400267057
2400267056
2400267055
2400267045
2400267040
2400267024
2400267020
2400267018
2400267014
2400267013
2400267007
2400267004
2400266998
2400266982
2400266971
2400266968
2400266967
2400266964
2400266963
2400266955
2400266953
2400266945
2400266931
2400266926
2400266921
2400266904
2400266903
2400266899
2400266898
2400266895
2400266894
2400266892
2400266885
2400266882
2400266879
2400266868
2400266853
2400266847
2400266845
2400266841
2400266840
2400266839
2400266837
2400266835
2400266832
2400266831
2400266829
2400266826
2400266824
2400266823
2400266820
2400266819
2400266817
2400266811
2400266808
2400266807
2400266802
2400266801
2400266799
2400266798
2400266796
2400266794
2400266792
2400266785
2400266779
2400266754
2400266751
2400266744
2400266741
2400266734
2400266731
2400266730
2400266729
2400266719
2400266718
2400266712
2400266708
2400266704
2400266685
2400266683
2400266680
2400266679
2400266674
2400266672
2400266668
2400266665
2400266664
2400266661
2400266656
2400266637
2400266632
2400266631
2400266628
2400266609
2400266601
2400266594
2400266588
2400266579
2400266576
2400266570
2400266565
2400266558
2400266552
2400266550
2400266548
2400266541
2400266540
2400266534
2400266523
2400266520
2400266514
2400266484
2400266482
2400266477
2400266475
2400266474
2400266472
2400266470
2400266460
2400266446
2400266440
2400266415
2400266413
2400266408
2400266405
2400266402
2400266401
2400266400
2400266397
2400266390
2400266389
2400266372
2400266371
2400266370
2400266365
2400266363
2400266353
2400266350
2400266349
2400266347
2400266346
2400266340
2400266337
2400266336
2400266330
2400266323
2400266319
2400266309
2400266305
2400266297
2400266296
2400266281
2400266270
2400266248
2400266247
2400266236
2400266230
2400266228
2400266214
2400266210
2400266209
2400266204
2400266185
2400266182
2400266176
2400266171
2400266164
2400266159
2400266149
2400266146
2400266135
2400266130
2400266117
2400266110
2400266092
2400266076
2400266070
2400266069
2400266065
2400266047
2400266043
2400266022
2400265996
2400265988
2400265980
2400265979
2400265919
2400265904
2400265873
2400265866
2400265863
2400265858
2400265840
2400265806
2400265800
2400265790
2400265785
2400265770
2400265769
2400265764
2400265761
2400265756
2400265754
2400265753
2400265730
2400265725
2400265722
2400265708
2400265695
2400265666
2400265663
2400265661
2400265656
2400265645
2400265644
2400265640
2400265636
2400265623
2400265622
2400265617
2400265595
2400265586
2400265583
2400265582
2400265573
2400265571
2400265566
2400265565
2400265562
2400265558
2400265557
2400265551
2400265546
2400265525
2400265517
2400265506
2400265500
2400265496
2400265494
2400265492
2400265487
2400265484
2400265482
2400265467
2400265463
2400265450
2400265442
2400265438
2400265436
2400265435
2400265432
2400265431
2400265430
2400265425
2400265424
2400265415
2400265412
2400265404
2400265400
2400265399
2400265397
2400265395
2400265386
2400265380
2400265379
2400265377
2400265375
2400265370
2400265369
2400265359
2400265352
2400265347
2400265346
2400265338
2400265325
2400265324
2400265322
2400265306
2400265304
2400265301
2400265295
2400265289
2400265288
2400265286
2400265281
2400265276
2400265275
2400265273
2400265264
2400265258
2400265254
2400265253
2400265238
2400265234
2400265233
2400265226
2400265219
2400265216
2400265211
2400265201
2400265200
2400265190
2400265185
2400265183
2400265180
2400265178
2400265170
2400265168
2400265164
2400265159
2400265157
2400265150
2400265143
2400265141
2400265131
2400265130
2400265122
2400265119
2400265118
2400265116
2400265105
2400265090
2400265087
2400265085
2400265072
2400265059
2400265057
2400265055
2400265053
2400265035
2400265030
2400265024
2400265003
2400264997
2400264995
2400264986
2400264983
2400264980
2400264977
2400264963
2400264959
2400264958
2400264945
2400264940
2400264937
2400264936
2400264919
2400264911
2400264910
2400264909
2400264908
2400264904
2400264882
2400264877
2400264873
2400264867
2400264861
2400264853
2400264852
2400264850
2400264836
2400264834
2400264830
2400264822
2400264818
2400264813
2400264803
2400264799
2400264793
2400264788
2400264786
2400264781
2400264775
2400264772
2400264771
2400264770
2400264767
2400264762
2400264760
2400264750
2400264745
2400264733
2400264727
2400264722
2400264721
2400264706
2400264705
2400264702
2400264698
2400264694
2400264684
2400264681
2400264675
2400264674
2400264665
2400264653
2400264649
2400264644
2400264643
2400264638
2400264635
2400264634
2400264631
2400264628
2400264627
2400264625
2400264621
2400264605
2400264603
2400264594
2400264593
2400264592
2400264586
2400264584
2400264578
2400264577
2400264575
2400264572
2400264565
2400264563
2400264559
2400264550
2400264543
2400264539
2400264535
2400264534
2400264529
2400264525
2400264517
2400264514
2400264509
2400264503
2400264497
2400264488
2400264487
2400264486
2400264484
2400264477
2400264461
2400264449
2400264447
2400264440
2400264438
2400264428
2400264426
2400264424
2400264423
2400264421
2400264420
2400264414
2400264405
2400264399
2400264393
2400264361
2400264356
2400264349
2400264344
2400264342
2400264333
2400264332
2400264328
2400264327
2400264313
2400264312
2400264297
2400264294
2400264293
2400264287
2400264284
2400264274
2400264263
2400264256
2400264255
2400264238
2400264236
2400264223
2400264221
2400264220
2400264218
2400264216
2400264210
2400264201
2400264197
2400264194
2400264192
2400264189
2400264180
2400264179
2400264160
2400264158
2400264153
2400264151
2400264143
2400264140
2400264136
2400264127
2400264115
2400264112
2400264111
2400264103
2400264095
2400264092
2400264089
2400264088
2400264079
2400264074
2400264065
2400264063
2400264042
2400264040
2400264036
2400264029
2400264027
2400264026
2400264010
2400264006
2400264002
2400263995
2400263989
2400263985
2400263946
2400263940
2400263936
2400263926
2400263925
2400263916
2400263913
2400263912
2400263909
2400263908
2400263907
2400263904
2400263894
2400263877
2400263869
2400263841
2400263840
2400263825
2400263823
2400263822
2400263821
2400263816
2400263797
2400263794
2400263784
2400263783
2400263782
2400263778
2400263765
2400263753
2400263752
2400263748
2400263746
2400263742
2400263713
2400263711
2400263707
2400263703
2400263689
2400263659
2400263658
2400263655
2400263652
2400263636
2400263615
2400263613
2400263600
2400263597
2400263596
2400263588
2400263575
2400263568
2400263559
2400263558
2400263543
2400263541
2400263538
2400263537
2400263530
2400263525
2400263519
2400263513
2400263511
2400263509
2400263503
2400263502
2400263498
2400263496
2400263493
2400263473
2400263462
2400263457
2400263455
2400263453
2400263452
2400263447
2400263445
2400263439
2400263434
2400263429
2400263421
2400263413
2400263409
2400263400
2400263395
2400263394
2400263372
2400263371
2400263368
2400263362
2400263360
2400263355
2400263353
2400263346
2400263336
2400263332
2400263331
2400263321
2400263318
2400263317
2400263315
2400263312
2400263310
2400263294
2400263282
2400263277
2400263270
2400263267
2400263254
2400263251
2400263246
2400263241
2400263238
2400263235
2400263228
2400263227
2400263226
2400263223
2400263222
2400263219
2400263218
2400263212
2400263211
2400263202
2400263200
2400263194
2400263193
2400263192
2400263189
2400263188
2400263187
2400263185
2400263180
2400263179
2400263175
2400263171
2400263170
2400263169
2400263165
2400263154
2400263153
2400263152
2400263151
2400263142
2400263119
2400263117
2400263115
2400263113
2400263108
2400263106
2400263104
2400263097
2400263094
2400263093
2400263091
2400263085
2400263083
2400263077
2400263076
2400263073
2400263068
2400263062
2400263060
2400263059
2400263058
2400263042
2400263035
2400263017
2400263007
2400262997
2400262985
2400262983
2400262979
2400262978
2400262977
2400262975
2400262973
2400262956
2400262950
2400262949
2400262944
2400262941
2400262939
2400262937
2400262936
2400262935
2400262930
2400262926
2400262917
2400262910
2400262906
2400262899
2400262897
2400262896
2400262889
2400262882
2400262877
2400262872
2400262867
2400262863
2400262862
2400262835
2400262820
2400262815
2400262814
2400262809
2400262800
2400262799
2400262788
2400262786
2400262785
2400262784
2400262782
2400262779
2400262767
2400262766
2400262765
2400262764
2400262762
2400262753
2400262748
2400262746
2400262733
2400262722
2400262715
2400262711
2400262709
2400262707
2400262696
2400262684
2400262681
2400262656
2400262646
2400262640
2400262638
2400262637
2400262632
2400262627
2400262625
2400262619
2400262614
2400262589
2400262587
2400262581
2400262578
2400262565
2400262564
2400262561
2400262555
2400262553
2400262547
2400262541
2400262526
2400262518
2400262503
2400262501
2400262499
2400262488
2400262487
2400262486
2400262479
2400262478
2400262470
2400262442
2400262438
2400262437
2400262431
2400262412
2400262411
2400262407
2400262405
2400262404
2400262394
2400262390
2400262389
2400262379
2400262375
2400262372
2400262359
2400262337
2400262334
2400262331
2400262329
2400262310
2400262309
2400262307
2400262305
2400262300
2400262298
2400262295
2400262286
2400262285
2400262280
2400262275
2400262270
2400262268
2400262266
2400262265
2400262255
2400262242
2400262231
2400262226
2400262222
2400262218
2400262216
2400262215
2400262212
2400262208
2400262204
2400262199
2400262194
2400262191
2400262186
2400262181
2400262170
2400262167
2400262165
2400262159
2400262158
2400262143
2400262133
2400262130
