2400317612
2400317605
2400317579
2400317574
2400317545
2400317536
2400317520
2400317427
2400317422
2400317414
2400317375
2400317372
2400317302
2400317259
2400317254
2400317251
2400317237
2400317223
2400317204
2400317144
2400317131
2400317112
2400317111
2400317091
2400317085
2400317079
2400317052
2400317043
2400317029
2400317025
2400316965
2400316943
2400316893
2400316891
2400316887
2400316850
2400316787
2400316780
2400316749
2400316688
2400316668
2400316660
2400316558
2400316540
2400316531
2400316501
2400316493
2400316487
2400316471
2400316470
2400316465
2400316460
2400316449
2400316410
2400316400
2400316365
2400316353
2400316350
2400316346
2400316333
2400316320
2400316276
2400316268
2400316267
2400316252
2400316249
2400316241
2400316240
2400316216
2400316200
2400316198
2400316196
2400316194
2400316181
2400316173
2400316103
2400316100
2400316054
2400316053
2400316051
2400316049
2400316047
2400316013
2400316004
2400315921
2400315909
2400315906
2400315905
2400315901
2400315845
2400315841
2400315826
2400315819
2400315801
2400315800
2400315771
2400315734
2400315730
2400315718
2400315692
2400315682
2400315596
2400315559
2400315515
2400315502
2400315471
2400315469
2400315455
2400315433
2400315412
2400315408
2400315395
2400315272
2400315262
2400315216
2400315213
2400315211
2400315204
2400315143
2400315119
2400315103
2400315089
2400315078
2400315047
2400315046
2400315035
2400315028
2400315021
2400315005
2400315003
2400314973
2400314964
2400314944
2400314919
2400314866
2400314865
2400314861
2400314850
2400314842
2400314839
2400314824
2400314811
2400314798
2400314796
2400314789
2400314784
2400314775
2400314760
2400314685
2400314628
2400314626
2400314608
2400314553
2400314538
2400314533
2400314524
2400314519
2400314496
2400314481
2400314480
2400314475
2400314471
2400314464
2400314463
2400314439
2400314432
2400314424
2400314393
2400314388
2400314356
2400314354
2400314338
2400314332
2400314327
2400314303
2400314263
2400314258
2400314242
2400314221
2400314219
2400314204
2400314199
2400314187
2400314179
2400314176
2400314167
2400314157
2400314133
2400314126
2400314118
2400314099
2400314075
2400314066
2400314049
2400314039
2400314036
2400314035
2400314028
2400314027
2400314018
2400314004
2400313998
2400313993
2400313941
2400313919
2400313900
2400313885
2400313850
2400313849
2400313822
2400313767
2400313752
2400313749
2400313704
2400313655
2400313639
2400313592
2400313570
2400313514
2400313453
2400313389
2400313387
2400313377
2400313374
2400313352
2400313339
2400313335
2400313296
2400313289
2400313287
2400313264
2400313256
2400313247
2400313240
2400313202
2400313183
2400313175
2400313168
2400313161
2400313070
2400313053
2400313054
2400313027
2400313023
2400313011
2400313002
2400312991
2400312972
2400312947
2400312909
2400312885
2400312883
2400312832
2400312816
2400312808
2400312780
2400312767
2400312743
2400312741
2400312713
2400312708
2400312690
2400312675
2400312643
2400312633
2400312625
2400312611
2400312607
2400312566
2400312564
2400312530
2400312520
2400312462
2400312417
2400312390
2400312384
2400312373
2400312369
2400312349
2400312324
2400312305
2400312296
2400312265
2400312235
2400312210
2400312192
2400312171
2400312163
2400312148
2400312143
2400312130
2400312090
2400312076
2400312070
2400312022
2400311989
2400311985
2400311976
2400311962
2400311955
2400311933
2400311920
2400311919
2400311897
2400311891
2400311887
2400311886
2400311882
2400311881
2400311874
2400311856
2400311836
2400311830
2400311808
2400311807
2400311806
2400311803
2400311802
2400311786
2400311767
2400311746
2400311734
2400311732
2400311716
2400311651
2400311626
2400311613
2400311600
2400311589
2400311588
2400311559
2400311553
2400311534
2400311514
2400311496
2400311491
2400311482
2400311479
2400311469
2400311463
2400311462
2400311436
2400311402
2400311387
2400311379
2400311365
2400311300
2400311270
2400311205
2400311155
2400311142
2400311120
2400311119
2400311036
2400310995
2400310985
2400310970
2400310925
2400310920
2400310894
2400310893
2400310891
2400310888
2400310871
2400310857
2400310850
2400310837
2400310828
2400310802
2400310793
2400310772
2400310758
2400310752
2400310751
2400310750
2400310747
2400310745
2400310744
2400310734
2400310713
2400310695
2400310677
2400310644
2400310614
2400310596
2400310534
2400310467
2400310451
2400310396
2400310374
2400310369
2400310348
2400310339
2400310334
2400310291
2400310286
2400310274
2400310268
2400310248
2400310240
2400310236
2400310233
2400310213
2400310197
2400310189
2400310152
2400310141
2400310138
2400310135
2400310125
2400310120
2400310105
2400310072
2400310060
2400309970
2400309931
2400309912
2400309885
2400309879
2400309875
2400309836
2400309795
2400309793
2400309791
2400309787
2400309754
2400309740
2400309715
2400309690
2400309689
2400309688
2400309687
2400309682
2400309675
2400309670
2400309657
2400309652
2400309560
2400309556
2400309535
2400309475
2400309461
2400309435
2400309406
2400309365
2400309325
2400309285
2400309275
2400309273
2400309265
2400309254
2400309241
2400309213
2400309210
2400309181
2400309154
2400309136
2400309132
2400309130
2400309072
2400308932
2400308902
2400308860
2400308781
2400308776
2400308758
2400308723
2400308692
2400308648
2400308621
2400308609
2400308558
2400308545
2400308521
2400308487
2400308451
2400308449
2400308401
2400308361
2400308342
2400308285
2400308276
2400308220
2400308216
2400308202
2400308190
2400308169
2400308167
2400308142
2400308132
2400308130
2400308115
2400308106
2400308100
2400308095
2400308082
2400308032
2400307907
2400307865
2400307860
2400307846
2400307835
2400307811
2400307801
2400307764
2400307754
2400307750
2400307746
2400307645
2400307643
2400307634
2400307605
2400307589
2400307579
2400307535
2400307512
2400307499
2400307446
2400307428
2400307388
2400307380
2400307375
2400307331
2400307330
2400307276
2400307244
2400307240
2400307239
2400307234
2400307226
2400307170
2400307162
2400307158
2400307152
2400307139
2400307088
2400307079
2400307078
2400307051
2400307050
2400307049
2400307048
2400307025
2400307023
2400307020
2400307011
2400307010
2400307001
2400306980
2400306979
2400306977
2400306975
2400306962
2400306960
2400306952
2400306898
2400306896
2400306879
2400306837
2400306836
2400306829
2400306826
2400306799
2400306798
2400306764
2400306730
2400306727
2400306718
2400306713
2400306712
2400306703
2400306682
2400306675
2400306656
2400306652
2400306575
2400306534
2400306490
2400306486
2400306474
2400306449
2400306394
2400306366
2400306344
2400306282
2400306249
2400306242
2400306145
2400306140
2400306123
2400306122
2400306097
2400306091
2400306077
2400306072
2400306032
2400306015
2400305996
2400305989
2400305914
2400305903
2400305896
2400305894
2400305889
2400305873
2400305871
2400305862
2400305860
2400305831
2400305820
2400305765
2400305755
2400305734
2400305715
2400305711
2400305231
2400305192
2400305125
2400305114
2400305101
2400305038
2400305000
2400304972
2400304943
2400304899
2400304883
2400304874
2400304847
2400304830
2400304826
2400304811
2400304805
2400304781
2400304770
2400304767
2400304761
2400304758
2400304750
2400304740
2400304687
2400304677
2400304675
2400304672
2400304654
2400304648
2400304646
2400304629
2400304564
2400304530
2400304529
2400304499
2400304498
2400304486
2400304473
2400304468
2400304467
2400304463
2400304460
2400304449
2400304446
2400304445
2400304439
2400304427
2400304399
2400304391
2400304304
2400304293
2400304291
2400304270
2400304216
2400304198
2400304191
2400304152
2400304072
2400304002
2400303999
2400303967
2400303906
2400303844
2400303837
2400303802
2400303783
2400303777
2400303754
2400303751
2400303726
2400303690
2400303678
2400303639
2400303605
2400303584
2400303539
2400303525
2400303462
2400303451
2400303444
2400303434
2400303429
2400303425
2400303402
2400303396
2400303375
2400303328
2400303302
2400303296
2400303256
2400303206
2400303202
2400303159
2400303114
2400303106
2400303087
2400303064
2400303062
2400303024
2400303013
2400302998
2400302976
2400302942
2400302932
2400302850
2400302800
2400302786
2400302623
2400302508
2400302490
2400302471
2400302454
2400302440
2400302431
2400302412
2400302398
2400302325
2400302302
2400302229
2400302190
2400302188
2400302166
2400302153
2400302113
2400302078
2400302076
2400302048
2400302044
2400302043
2400302034
2400302016
2400301998
2400301955
2400301937
2400301906
2400301850
2400301788
2400301781
2400301775
2400301761
2400301688
2400301645
2400301628
2400301603
2400301535
2400301531
2400301523
2400301516
2400301500
2400301491
2400301468
2400301446
2400301429
2400301419
2400301382
2400301352
2400301335
2400301332
2400301331
2400301329
2400301302
2400301273
2400301255
2400301253
2400301249
2400301238
2400301225
2400301159
2400301135
2400301112
2400301101
2400301095
2400301075
2400301066
2400301064
2400301060
2400301035
2400301026
2400301015
2400301005
2400300988
2400300830
2400300823
2400300809
2400300803
2400300794
2400300760
2400300759
2400300748
2400300747
2400300728
2400300694
2400300657
2400300650
2400300637
2400300591
2400300583
2400300553
2400300546
2400300520
2400300517
2400300471
2400300469
2400300459
2400300437
2400300413
2400300394
2400300374
2400300373
2400300334
2400300313
2400300309
2400300297
2400300285
2400300260
2400300247
2400300227
2400300217
2400300204
2400300199
2400300196
2400300123
2400300049
2400300018
2400300009
2400300004
2400299981
2400299933
2400299924
2400299898
2400299875
2400299863
2400299799
2400299785
2400299778
2400299743
2400299742
2400299740
2400299672
2400299668
2400299631
2400299619
2400299566
2400299557
2400299471
2400299463
2400299452
2400299415
2400299395
2400299368
2400299363
2400299331
2400299290
2400299261
2400299222
2400299210
2400299151
2400299144
2400299134
2400299132
2400299122
2400299121
2400299107
2400299097
2400299087
2400299072
2400299067
2400299058
2400299039
2400299011
2400299008
2400298984
2400298980
2400298972
2400298960
2400298950
2400298936
2400298935
2400298931
2400298923
2400298920
2400298916
2400298914
2400298847
2400298824
2400298806
2400298774
2400298771
2400298766
2400298762
2400298759
2400298756
2400298753
2400298746
2400298745
2400298744
2400298742
2400298737
2400298736
2400298732
2400298701
2400298690
2400298641
2400298637
2400298636
2400298613
2400298589
2400298543
2400298492
2400298488
2400298442
2400298431
2400298423
2400298375
2400298338
2400298309
2400298307
2400298297
2400298220
2400298208
2400298173
2400298127
2400298117
2400298071
2400298058
2400298025
2400298019
2400298011
2400298006
2400298002
2400298001
2400297992
2400297987
2400297979
2400297977
2400297974
2400297961
2400297955
2400297932
2400297880
2400297808
2400297768
2400297765
2400297721
2400297715
2400297714
2400297712
2400297638
2400297575
2400297574
2400297568
2400297567
2400297476
2400297436
2400297405
2400297354
2400297320
2400297288
2400297283
2400297281
2400297279
2400297276
2400297275
2400297268
2400297267
2400297262
2400297261
2400297246
2400297225
2400297220
2400297219
2400297210
2400297209
2400297200
2400297172
2400297153
2400297151
2400297128
2400297082
2400297046
2400297034
2400296972
2400296970
2400296921
2400296912
2400296898
2400296873
2400296863
2400296858
2400296853
2400296846
2400296841
2400296807
2400296795
2400296731
2400296696
2400296687
2400296650
2400296601
2400296526
2400296475
2400296473
2400296470
2400296467
2400296445
2400296419
2400296409
2400296407
2400296382
2400296372
2400296349
2400296321
2400296303
2400296275
2400296270
2400296253
2400296185
2400296170
2400296076
2400296026
2400296013
2400295973
2400295966
2400295944
2400295934
2400295899
2400295891
2400295882
2400295835
2400295832
2400295827
2400295811
2400295798
2400295790
2400295786
2400295785
2400295773
2400295754
2400295746
2400295741
2400295714
2400295661
2400295624
2400295592
2400295559
2400295529
2400295507
2400295492
2400295487
2400295467
2400295442
2400295403
2400295398
2400295386
2400295377
2400295371
2400295340
2400295317
2400295308
2400295301
2400295272
2400295266
2400295235
2400295232
2400295230
2400295220
2400295208
2400295207
2400295200
2400295198
2400295196
2400295170
2400295145
2400295138
2400295122
2400295121
2400295082
2400295045
2400295042
2400295036
2400295027
2400294937
2400294935
2400294927
2400294925
2400294919
2400294909
2400294899
2400294876
2400294833
2400294823
2400294822
2400294815
2400294794
2400294791
2400294769
2400294707
2400294676
2400294667
2400294664
2400294604
2400294599
2400294571
2400294545
2400294511
2400294502
2400294485
2400294432
2400294419
2400294366
2400294353
2400294345
2400294341
2400294339
2400294318
2400294306
2400294290
2400294277
2400294274
2400294249
2400294213
2400294161
2400294103
2400294069
2400294059
2400294028
2400293997
2400293989
2400293986
2400293966
2400293935
2400293903
2400293884
2400293882
2400293881
2400293869
2400293859
2400293843
2400293834
2400293793
2400293784
2400293750
2400293740
2400293728
2400293720
2400293715
2400293714
2400293710
2400293707
2400293700
2400293691
2400293690
2400293686
2400293667
2400293649
2400293582
2400293571
2400293565
2400293515
2400293484
2400293481
2400293437
2400293432
2400293428
2400293405
2400293399
2400293389
2400293383
2400293345
2400293340
2400293336
2400293326
2400293323
2400293294
2400293291
2400293290
2400293275
2400293220
2400293219
2400293200
2400293198
2400293195
2400293183
2400293160
2400293159
2400293141
2400293136
2400293112
2400293078
2400293070
2400293063
2400293040
2400293030
2400293009
2400293003
2400292987
2400292866
2400292854
2400292823
2400292813
2400292802
2400292796
2400292794
2400292787
2400292744
2400292734
2400292704
2400292703
2400292688
2400292687
2400292680
2400292659
2400292641
2400292609
2400292583
2400292512
2400292468
2400292465
2400292461
2400292319
2400292218
2400292210
2400292196
2400292174
2400292155
2400292125
2400292095
2400292068
2400292002
2400291978
2400291977
2400291949
2400291943
2400291923
2400291919
2400291897
2400291866
2400291824
2400291784
2400291759
2400291751
2400291745
2400291662
2400291643
2400291632
2400291601
2400291588
2400291577
2400291545
2400291489
2400291478
2400291469
2400291447
2400291434
2400291429
2400291393
2400291377
2400291375
2400291372
2400291338
2400291243
2400291235
2400291205
2400291188
2400291170
2400291165
2400291151
2400291125
2400291110
2400291086
2400291054
2400291052
2400291046
2400291027
2400291011
2400290968
2400290929
2400290906
2400290894
2400290876
2400290816
2400290813
2400290812
2400290806
2400290787
2400290779
2400290772
2400290749
2400290737
2400290735
2400290728
2400290725
2400290711
2400290710
2400290708
2400290690
2400290682
2400290577
2400290529
2400290471
2400290451
2400290443
2400290438
2400290436
2400290426
2400290409
2400290403
2400290386
2400290360
2400290303
2400290280
2400290266
2400290259
2400290244
2400290233
2400290225
2400290179
2400290131
2400290127
2400290119
2400290118
2400290116
2400290111
2400290095
2400290080
2400290070
2400290020
2400289963
2400289955
2400289951
2400289944
2400289919
2400289897
2400289876
2400289857
2400289841
2400289836
2400289834
2400289829
2400289827
2400289793
2400289789
2400289780
2400289771
2400289770
2400289746
2400289718
2400289717
2400289657
2400289654
2400289646
2400289645
2400289641
2400289619
2400289609
2400289600
2400289578
2400289574
2400289553
2400289538
2400289524
2400289523
2400289517
2400289511
2400289482
2400289470
2400289445
2400289405
2400289383
2400289369
2400289366
2400289362
2400289350
2400289337
2400289287
2400289284
2400289280
2400289275
2400289270
2400289261
2400289244
2400289214
2400289207
2400289196
2400289194
2400289187
2400289159
2400289142
2400289132
2400289103
2400289094
2400289086
2400289072
2400289052
2400289001
2400288983
2400288953
2400288938
2400288935
2400288929
2400288891
2400288879
2400288851
2400288838
2400288837
2400288831
2400288820
2400288781
2400288775
2400288762
2400288759
2400288728
2400288692
2400288690
2400288674
2400288669
2400288660
2400288637
2400288577
2400288541
2400288539
2400288534
2400288529
2400288521
2400288508
2400288501
2400288497
2400288474
2400288459
2400288439
2400288431
2400288422
2400288413
2400288379
2400288374
2400288355
2400288340
2400288333
2400288322
2400288312
2400288306
2400288277
2400288243
2400288228
2400288216
2400288154
2400288134
2400288017
2400288016
2400288015
2400287997
2400287906
2400287866
2400287835
2400287812
2400287735
2400287699
2400287694
2400287683
2400287665
2400287658
2400287645
2400287641
2400287627
2400287612
2400287596
2400287582
2400287549
2400287526
2400287420
2400287409
2400287399
2400287351
2400287326
2400287311
2400287309
2400287302
2400287294
2400287288
2400287278
2400287265
2400287263
2400287230
2400287219
2400287214
2400287190
2400287168
2400287148
2400287142
2400287116
2400287076
2400287075
2400287065
2400287053
2400287052
2400287040
2400287016
2400287008
2400287004
2400286967
2400286933
2400286911
2400286893
2400286878
2400286838
2400286837
2400286814
2400286813
2400286809
2400286794
2400286782
2400286763
2400286742
2400286740
2400286687
2400286657
2400286656
2400286634
2400286623
2400286614
2400286612
2400286609
2400286607
2400286602
2400286600
2400286584
2400286565
2400286561
2400286557
2400286549
2400286546
2400286545
2400286542
2400286537
2400286532
2400286523
2400286506
2400286499
2400286498
2400286497
2400286487
2400286479
2400286476
2400286470
2400286458
2400286457
2400286450
2400286430
2400286427
2400286405
2400286390
2400286367
2400286360
2400286357
2400286356
2400286335
2400286334
2400286333
2400286330
2400286325
2400286324
2400286272
2400286253
2400286242
2400286229
2400286185
2400286156
2400286135
2400286122
2400286119
2400286115
2400286073
2400286070
2400286053
2400286044
2400286041
2400286013
2400285994
2400285984
2400285890
2400285878
2400285852
2400285833
2400285832
2400285830
2400285817
2400285781
2400285737
2400285719
2400285708
2400285703
2400285700
2400285673
2400285659
2400285653
2400285627
2400285603
2400285559
2400285557
2400285555
2400285530
2400285521
2400285446
2400285445
2400285411
2400285408
2400285403
2400285390
2400285377
2400285368
2400285355
2400285327
2400285314
2400285296
2400285292
2400285286
2400285251
2400285199
2400285186
2400285171
2400285169
2400285145
2400285116
2400285097
2400285083
2400285074
2400285036
2400285033
2400285015
2400284995
2400284939
2400284916
2400284875
2400284852
2400284780
2400284764
2400284761
2400284759
2400284751
2400284706
2400284698
2400284696
2400284687
2400284682
2400284658
2400284656
2400284629
2400284626
2400284615
2400284595
2400284594
2400284588
2400284545
2400284495
2400284480
2400284454
2400284370
2400284344
2400284315
2400284309
2400284283
2400284264
2400284261
2400284237
2400284232
2400284229
2400284227
2400284220
2400284213
2400284205
2400284169
2400284167
2400284158
2400284153
2400284144
2400284124
2400284123
2400284121
2400284111
2400284073
2400284072
2400284059
2400284051
2400284050
2400284048
2400284038
2400284019
2400284006
2400284001
2400283997
2400283980
2400283969
2400283963
2400283952
2400283950
2400283945
2400283942
2400283941
2400283928
2400283918
2400283916
2400283914
2400283910
2400283900
2400283899
2400283897
2400283896
2400283880
2400283879
2400283860
2400283854
2400283849
2400283847
2400283846
2400283834
2400283819
2400283803
2400283770
2400283759
2400283748
2400283698
2400283683
2400283669
2400283652
2400283647
2400283630
2400283581
2400283580
2400283577
2400283566
2400283546
2400283498
2400283491
2400283490
2400283480
2400283466
2400283458
2400283455
2400283448
2400283442
2400283406
2400283395
2400283350
2400283345
2400283298
2400283280
2400283266
2400283259
2400283245
2400283238
2400283229
2400283138
2400283121
2400283111
2400283104
2400283051
2400283015
2400283011
2400283007
2400283006
2400283000
2400282984
2400282978
2400282968
2400282961
2400282960
2400282940
2400282900
2400282875
2400282869
2400282843
2400282837
2400282790
2400282747
2400282744
2400282741
2400282655
2400282647
2400282644
2400282616
2400282609
2400282606
2400282521
2400282467
2400282464
2400282403
2400282357
2400282313
2400282276
2400282225
2400282197
2400282189
2400282186
2400282165
2400282155
2400282119
2400282088
2400282087
2400282079
2400282060
2400282048
2400282044
2400282018
2400282013
2400281998
2400281983
2400281935
2400281891
2400281890
2400281889
2400281887
2400281881
2400281880
2400281875
2400281823
2400281819
2400281805
2400281803
2400281735
2400281722
2400281707
2400281688
2400281664
2400281651
2400281608
2400281600
2400281587
2400281578
2400281560
2400281554
2400281533
2400281526
2400281518
2400281517
2400281508
2400281506
2400281501
2400281498
2400281496
2400281465
2400281442
2400281437
2400281421
2400281408
2400281387
2400281339
2400281292
2400281283
2400281279
2400281266
2400281263
2400281248
2400281232
2400281214
2400281208
2400281205
2400281181
2400281172
2400281170
2400281152
2400281125
2400281119
2400281093
2400281090
2400281075
2400281045
2400281022
2400280999
2400280987
2400280946
2400280903
2400280892
2400280890
2400280876
2400280848
2400280841
2400280822
2400280818
2400280807
2400280790
2400280772
2400280763
2400280723
2400280706
2400280704
2400280693
2400280620
2400280614
2400280600
2400280590
2400280589
2400280573
2400280552
2400280544
2400280542
2400280537
2400280535
2400280531
2400280490
2400280451
2400280445
2400280364
2400280359
2400280345
2400280330
2400280326
2400280305
2400280277
2400280275
2400280259
2400280257
2400280256
2400280241
2400280235
2400280223
2400280209
2400280179
2400280137
2400280130
2400280118
2400280104
2400280087
2400280084
2400280083
2400280055
2400280049
2400280037
2400280036
2400280010
2400280003
2400279993
2400279990
2400279943
2400279916
2400279874
2400279856
2400279815
2400279809
2400279797
2400279792
2400279769
2400279707
2400279703
2400279700
2400279666
2400279664
2400279644
2400279643
2400279634
2400279605
2400279600
2400279564
2400279552
2400279516
2400279468
2400279459
2400279454
2400279452
2400279444
2400279436
2400279396
2400279336
2400279306
2400279302
2400279289
2400279252
2400279246
2400279229
2400279216
2400279170
2400279147
2400279122
2400279111
2400279107
2400279102
2400279079
2400279068
2400279062
2400279051
2400279046
2400279043
2400279025
2400279012
2400279000
2400278986
2400278957
2400278950
2400278948
2400278881
2400278860
2400278859
2400278812
2400278792
2400278774
2400278762
2400278751
2400278746
2400278730
2400278721
2400278715
2400278712
2400278698
2400278686
2400278677
2400278671
2400278655
2400278644
2400278643
2400278640
2400278591
2400278586
2400278564
2400278560
2400278548
2400278542
2400278532
2400278527
2400278494
2400278475
2400278473
2400278466
2400278452
2400278451
2400278434
2400278428
2400278393
2400278308
2400278290
2400278285
2400278247
2400278214
2400278211
2400278210
2400278188
2400278179
2400278174
2400278170
2400278155
2400278138
2400278122
2400278108
2400278106
2400278097
2400278095
2400278084
2400278067
2400278052
2400278033
2400278028
2400278027
2400278015
2400278014
2400278009
2400278003
2400277995
2400277992
2400277959
2400277952
2400277936
2400277932
2400277924
2400277916
2400277914
2400277913
2400277912
2400277902
2400277901
2400277857
2400277855
2400277854
2400277839
2400277830
2400277813
2400277791
2400277789
2400277786
2400277782
2400277761
2400277743
2400277728
2400277704
2400277697
2400277681
2400277662
2400277644
2400277640
2400277636
2400277622
2400277604
2400277599
2400277596
2400277588
2400277580
2400277578
2400277562
2400277553
2400277548
2400277542
2400277539
2400277530
2400277524
2400277516
2400277507
2400277506
2400277462
2400277461
2400277452
2400277432
2400277413
2400277408
2400277398
2400277392
2400277376
2400277356
2400277349
2400277339
2400277338
2400277337
2400277310
2400277306
2400277301
2400277296
2400277292
2400277269
2400277247
2400277242
2400277225
2400277217
2400277206
2400277201
2400277192
2400277184
2400277170
2400277159
2400277146
2400277113
2400277100
2400277088
2400277083
2400277076
2400277069
2400277055
2400277054
2400277051
2400277042
2400277003
2400276932
2400276931
2400276927
2400276916
2400276884
2400276828
2400276809
2400276802
2400276798
2400276791
2400276785
2400276754
2400276714
2400276702
2400276667
2400276631
2400276619
2400276597
2400276591
2400276570
2400276563
2400276561
2400276552
2400276546
2400276495
2400276486
2400276482
2400276479
2400276444
2400276442
2400276435
2400276429
2400276425
2400276423
2400276416
2400276396
2400276378
2400276376
2400276373
2400276355
2400276306
2400276292
2400276286
2400276283
2400276272
2400276254
2400276248
2400276244
2400276238
2400276236
2400276218
2400276216
2400276213
2400276212
2400276207
2400276202
2400276198
2400276174
2400276160
2400276148
2400276129
2400276116
2400276104
2400276103
2400276084
2400276076
2400276073
2400276062
2400276055
2400276053
2400276042
2400276037
2400276034
2400276016
2400276014
2400276005
2400275986
2400275965
2400275952
2400275950
2400275947
2400275927
2400275919
2400275896
2400275864
2400275856
2400275839
2400275818
2400275798
2400275792
2400275780
2400275775
2400275759
2400275751
2400275720
2400275710
2400275701
2400275696
2400275663
2400275654
2400275649
2400275616
2400275601
2400275572
2400275571
2400275569
2400275558
2400275557
2400275555
2400275538
2400275529
2400275501
2400275486
2400275454
2400275449
2400275444
2400275386
2400275367
2400275363
2400275355
2400275340
2400275283
2400275281
2400275252
2400275227
2400275221
2400275185
2400275166
2400275163
2400275155
2400275153
2400275150
2400275135
2400275094
2400275071
2400275054
2400275046
2400275040
2400275037
2400275035
2400275028
2400275001
2400274993
2400274966
2400274938
2400274937
2400274904
2400274844
2400274833
2400274812
2400274800
2400274785
2400274754
2400274751
2400274736
2400274735
2400274726
2400274696
2400274688
2400274675
2400274654
2400274651
2400274647
2400274609
2400274602
2400274596
2400274579
2400274576
2400274571
2400274546
2400274518
2400274515
2400274511
2400274463
2400274460
2400274437
2400274432
2400274423
2400274422
2400274414
2400274399
2400274393
2400274392
2400274391
2400274390
2400274387
2400274386
2400274380
2400274332
2400274315
2400274312
2400274301
2400274291
2400274281
2400274270
2400274268
2400274244
2400274219
2400274217
2400274211
2400274179
2400274162
2400274153
2400274147
2400274146
2400274116
2400274090
2400274082
2400274061
2400274052
2400274036
2400274009
2400273999
2400273933
2400273928
2400273919
2400273917
2400273905
2400273902
2400273898
2400273883
2400273871
2400273808
2400273793
2400273766
2400273745
2400273738
2400273722
2400273719
2400273708
2400273703
2400273701
2400273685
2400273681
2400273676
2400273619
2400273607
2400273584
2400273576
2400273575
2400273560
2400273499
2400273494
2400273488
2400273467
2400273456
2400273421
2400273420
2400273417
2400273409
2400273400
2400273394
2400273386
2400273373
2400273351
2400273328
2400273316
2400273311
2400273307
2400273283
2400273257
2400273232
2400273226
2400273211
2400273209
2400273137
2400273124
2400273106
2400273070
2400273049
2400273031
2400272988
2400272984
2400272937
2400272934
2400272918
2400272903
2400272882
2400272865
2400272863
2400272853
2400272851
2400272809
2400272777
2400272737
2400272691
2400272690
2400272660
2400272644
2400272636
2400272633
2400272603
2400272579
2400272542
2400272541
2400272536
2400272532
2400272509
2400272499
2400272498
2400272497
2400272484
2400272483
2400272482
2400272478
2400272470
2400272466
2400272436
2400272425
2400272423
2400272412
2400272408
2400272302
2400272293
2400272289
2400272259
2400272248
2400272231
2400272229
2400272217
2400272216
2400272214
2400272177
2400272170
2400272153
2400272136
2400272123
2400272109
2400272098
2400272089
2400272067
2400272064
2400272032
2400272025
2400272015
2400272009
2400272005
2400272001
2400271997
2400271988
2400271966
2400271900
2400271898
2400271897
2400271886
2400271885
2400271821
2400271801
2400271793
2400271789
2400271782
2400271759
2400271758
2400271740
2400271728
2400271723
2400271708
2400271676
2400271675
2400271657
2400271648
2400271645
2400271625
2400271620
2400271614
2400271583
2400271578
2400271557
2400271546
2400271545
2400271529
2400271506
2400271465
2400271439
2400271437
2400271430
2400271420
2400271397
2400271396
2400271363
2400271360
2400271354
2400271310
2400271280
2400271259
2400271239
2400271220
2400271214
2400271213
2400271208
2400271204
2400271200
2400271195
2400271164
2400271143
2400271042
2400271040
2400271035
2400271024
2400271010
2400270998
2400270997
2400270983
2400270980
2400270972
2400270962
2400270958
2400270949
2400270948
2400270884
2400270877
2400270876
2400270849
2400270837
2400270815
2400270810
2400270806
2400270758
2400270754
2400270701
2400270679
2400270675
2400270671
2400270631
2400270627
2400270619
2400270577
2400270572
2400270567
2400270548
2400270546
2400270498
2400270495
2400270473
2400270443
2400270435
2400270433
2400270392
2400270387
2400270375
2400270373
2400270370
2400270366
2400270347
2400270338
2400270333
2400270272
2400270264
2400270230
2400270206
2400270200
2400270174
2400270166
2400270161
2400270160
2400270150
2400270088
2400270087
2400270077
2400270075
2400270007
2400270006
2400270001
2400269966
2400269964
2400269938
2400269919
2400269898
2400269885
2400269882
2400269875
2400269783
2400269752
2400269751
2400269685
2400269661
2400269659
2400269627
2400269610
2400269603
2400269600
2400269592
2400269564
2400269543
2400269542
2400269528
2400269504
2400269480
2400269476
2400269471
2400269462
2400269423
2400269415
2400269414
2400269331
2400269329
2400269226
2400269223
2400269199
2400269193
2400269191
2400269182
2400269168
2400269137
2400269114
2400269097
2400269089
2400269068
2400269063
2400269050
2400268991
2400268987
2400268985
2400268960
2400268953
2400268929
2400268904
2400268899
2400268881
2400268879
2400268878
2400268875
2400268873
2400268864
2400268838
2400268837
2400268824
2400268823
2400268822
2400268815
2400268798
2400268732
2400268696
2400268662
2400268653
2400268650
2400268645
2400268637
2400268636
2400268632
2400268627
2400268625
2400268623
2400268620
2400268605
2400268604
2400268572
2400268568
2400268562
2400268553
2400268550
2400268549
2400268521
2400268513
2400268507
2400268470
2400268468
2400268457
2400268431
2400268427
2400268414
2400268395
2400268386
2400268365
2400268319
2400268318
2400268266
2400268253
2400268241
2400268232
2400268228
2400268214
2400268206
2400268205
2400268193
2400268174
2400268136
2400268123
2400268121
2400268116
2400268106
2400268105
2400268039
2400268030
2400267979
2400267900
2400267862
2400267836
2400267792
2400267790
2400267774
2400267730
2400267728
2400267723
2400267716
2400267713
2400267707
2400267693
2400267672
2400267656
2400267653
2400267572
2400267553
2400267548
2400267544
2400267511
2400267500
2400267489
2400267474
2400267448
2400267420
2400267400
2400267381
2400267374
2400267365
2400267355
2400267346
2400267340
2400267313
2400267308
2400267281
2400267280
2400267259
2400267257
2400267254
2400267253
2400267251
2400267249
2400267244
2400267223
2400267214
2400267208
2400267159
2400267146
2400267143
2400267140
2400267139
2400267128
2400267123
2400267100
2400267099
2400267068
2400267058
2400267048
2400267044
2400267030
2400267028
2400267017
2400267001
2400266989
2400266972
2400266942
2400266935
2400266927
2400266918
2400266888
2400266869
2400266863
2400266850
2400266849
2400266842
2400266810
2400266786
2400266772
2400266770
2400266760
2400266748
2400266747
2400266736
2400266733
2400266703
2400266689
2400266687
2400266675
2400266670
2400266648
2400266642
2400266638
2400266620
2400266610
2400266605
2400266597
2400266593
2400266587
2400266585
2400266583
2400266573
2400266564
2400266561
2400266547
2400266544
2400266535
2400266532
2400266515
2400266506
2400266491
2400266487
2400266473
2400266463
2400266459
2400266449
2400266447
2400266437
2400266428
2400266387
2400266375
2400266293
2400266284
2400266278
2400266276
2400266274
2400266269
2400266245
2400266244
2400266233
2400266217
2400266161
2400266141
2400266107
2400266098
2400266096
2400266095
2400266094
2400266086
2400266084
2400266067
2400266063
2400266060
2400266054
2400266049
2400266041
2400266039
2400266007
2400265998
2400265993
2400265972
2400265967
2400265961
2400265956
2400265954
2400265950
2400265949
2400265930
2400265911
2400265894
2400265875
2400265862
2400265843
2400265816
2400265804
2400265792
2400265779
2400265778
2400265742
2400265716
2400265704
2400265696
2400265688
2400265671
2400265642
2400265614
2400265604
2400265602
2400265590
2400265589
2400265587
2400265576
2400265574
2400265538
2400265523
2400265521
2400265498
2400265485
2400265418
2400265409
2400265383
2400265381
2400265336
2400265330
2400265326
2400265316
2400265307
2400265305
2400265284
2400265274
2400265248
2400265236
2400265228
2400265223
2400265220
2400265218
2400265206
2400265204
2400265197
2400265196
2400265189
2400265186
2400265161
2400265154
2400265124
2400265078
2400265054
2400265052
2400265050
2400265043
2400265036
2400265033
2400265032
2400265031
2400265028
2400265015
2400264984
2400264964
2400264953
2400264951
2400264946
2400264944
2400264939
2400264934
2400264930
2400264928
2400264923
2400264922
2400264918
2400264900
2400264879
2400264860
2400264858
2400264857
2400264851
2400264843
2400264837
2400264832
2400264811
2400264810
2400264808
2400264806
2400264783
2400264777
2400264755
2400264738
2400264734
2400264697
2400264696
2400264672
2400264657
2400264639
2400264636
2400264617
2400264602
2400264600
2400264571
2400264537
2400264500
2400264494
2400264464
2400264459
2400264441
2400264429
2400264417
2400264416
2400264408
2400264404
2400264392
2400264390
2400264382
2400264360
2400264353
2400264308
2400264303
2400264301
2400264277
2400264267
2400264246
2400264239
2400264226
2400264219
2400264178
2400264171
2400264166
2400264157
2400264133
2400264132
2400264124
2400264102
2400264098
2400264097
2400264043
2400264035
2400264030
2400264024
2400264018
2400264013
2400264009
2400264007
2400264000
2400263990
2400263986
2400263984
2400263963
2400263962
2400263937
2400263932
2400263918
2400263906
2400263889
2400263860
2400263858
2400263830
2400263829
2400263828
2400263824
2400263820
2400263819
2400263770
2400263763
2400263762
2400263759
2400263757
2400263755
2400263754
2400263749
2400263747
2400263744
2400263740
2400263737
2400263734
2400263731
2400263730
2400263728
2400263727
2400263726
2400263723
2400263722
2400263721
2400263720
2400263717
2400263716
2400263715
2400263714
2400263710
2400263708
2400263706
2400263702
2400263682
2400263680
2400263677
2400263666
2400263649
2400263647
2400263631
2400263628
2400263627
2400263625
2400263609
2400263603
2400263589
2400263581
2400263578
2400263571
2400263562
2400263560
2400263554
2400263535
2400263529
2400263528
2400263527
2400263521
2400263506
2400263501
2400263495
2400263475
2400263472
2400263470
2400263465
2400263464
2400263458
2400263446
2400263441
2400263440
2400263438
2400263436
2400263425
2400263424
2400263418
2400263415
2400263397
2400263386
2400263380
2400263376
2400263370
2400263369
2400263344
2400263340
2400263333
2400263324
2400263311
2400263308
2400263305
2400263302
2400263300
2400263297
2400263272
2400263257
2400263242
2400263229
2400263196
2400263184
2400263183
2400263176
2400263172
2400263156
2400263149
2400263146
2400263138
2400263129
2400263122
2400263120
2400263109
2400263102
2400263101
2400263078
2400263075
2400263067
2400263057
2400263054
2400263053
2400263050
2400263046
2400263030
2400263028
2400263023
2400263019
2400263018
2400263004
2400263001
2400263000
2400262994
2400262989
2400262987
2400262984
2400262980
2400262971
2400262969
2400262958
2400262940
2400262938
2400262928
2400262924
2400262921
2400262919
2400262916
2400262914
2400262911
2400262905
2400262903
2400262901
2400262900
2400262894
2400262893
2400262892
2400262890
2400262878
2400262876
2400262875
2400262868
2400262865
2400262861
2400262850
2400262848
2400262847
2400262845
2400262844
2400262836
2400262834
2400262833
2400262829
2400262828
2400262823
2400262821
2400262818
2400262817
2400262816
2400262812
2400262810
2400262807
2400262806
2400262804
2400262803
2400262802
2400262798
2400262797
2400262790
2400262789
2400262787
2400262781
2400262778
2400262775
2400262773
2400262771
2400262758
2400262756
2400262750
2400262745
2400262729
2400262728
2400262721
2400262710
2400262706
2400262705
2400262704
2400262702
2400262701
2400262698
2400262697
2400262694
2400262692
2400262688
2400262682
2400262679
2400262674
2400262669
2400262666
2400262663
2400262662
2400262658
2400262655
2400262652
2400262651
2400262649
2400262648
2400262645
2400262636
2400262634
2400262623
2400262622
2400262609
2400262602
2400262584
2400262575
2400262563
2400262557
2400262554
2400262549
2400262540
2400262539
2400262536
2400262530
2400262521
2400262511
2400262495
2400262485
2400262484
2400262483
2400262482
2400262480
2400262477
2400262475
2400262474
2400262472
2400262468
2400262466
2400262455
2400262447
2400262444
2400262443
2400262439
2400262435
2400262429
2400262427
2400262410
2400262409
2400262401
2400262400
2400262396
2400262393
2400262381
2400262376
2400262368
2400262369
2400262363
2400262358
2400262356
2400262346
2400262345
2400262335
2400262332
2400262315
2400262314
2400262294
2400262282
2400262269
2400262259
2400262258
2400262245
2400262223
2400262203
2400262201
2400262195
2400262166
2400262164
2400262161
2400262155
2400262141
2400262128
2400262119
2400262106
2400262102
